15 830 938 3195
15 4 3057
15 677 2195
19 74 2024 2024 3926 1547 3444 74 2678 74 3085 570 168
19 2024 2452 919 4118 3071 74
19 750 74 1740 2678 74
19 354 3962 168
31 1382 1251
31 253 1382 943 4525 4637
31 406 405
31 870
31 1382 943 253 1382 3270 1382 1382
31 683 2287 825 253 1382
46 2669 781 1439 2669 144 3111 1289
46 54 2511 3314 1976 2500 121 3067 1561 770 1372 2145 170
46 4269 861 4293 122 4309 3250 3311 54 79 4274 4275 79 861 4293 54 82 164 4380 111 4276 4272 80 79 4277 861 4293 919 116 4358 2004 586 3314 3853 1318 760
46 144 3314 253 405
46 631 80 1721 2669 630 1928 2498 2498 3691
46 2623 3853 3111 1631 3314 1976
46 630 465 1442 3764 3853 170 2145
46 781 1631 2498 781 1976 1871 378 2032 1861
46 143 3111 3853 1838 143 58 1861 2444 3021
46 2741 144 630 2624 1861
46 3853 3853 146 2700 752 2600 2032
46 2669 2004 1871 465 1976 1976
46 987 781 56 569 1439 1439 170 1721 79 4290 80 888 80 79 4348 861 1662 81 80 79 4262 861 4293 2449 87 4260 3311 4316 91 569 79 4348 4265
46 53 1954 172 3111 630 1439 3111 170 651 1631 1289 405 1002 2500
46 1439 781 1036 630 3111 1861 144 1976
46 144 144 1631
46 2004 4794 630 2498 2230
46 2004 4637 1976 1761 2511 2423 1761
46 3691 4359 74 4794 2669
46 249 1791 144 2444 1928 3021 2501 1976 3853 1631
46 1371 3587 683 1976 2500 1761 405 1002 378 1495 3021
46 3021 591 3853 630 465 987
46 1222 144 4555 58 987
46 3853 1976 1631 1976
46 1761 2230 144
46 2669 957 2444
46 631 137 3333 74 2498 2500 2230
46 53 2004 143 3021 1036 630 1908 630 1861 151
48 1500 2842
48 2470 122 758 1082
48 299 683 97 1439 56 1259
48 1259 1259 1259 630 1259 2555
48 1259 1334
48 943 4794 4034 1954
48 1259 4178 872 406
48 1259 1871 1259 1259 1075 1259 968
48 1871 1739 1739 1075 679 1259 56 2761 2761 3297 2968 1259 758 1259
48 1808 4359 926 570 758 119 750 758 1266 717 2946 3218
48 1739 927 369 1628 307 2761 758 339 1259 1259 378
48 157 253 58 758
48 1259 755 1796 1259 1259
48 1266 1906
48 144
48 2555 926
48 1162 3508 144 1259
48 1882 2230 1796 1259 924 1259 150 79 888 373 1176 4250 2645 2747 55 4345 79 4350 83 378
48 172 2747 2968 470 1266 3865 1259 1098 377
48 144 378
48 926 2810 2555 848
48 926 1898 1259 1242 144
48 1259 943 1266 2555 56 2761 1259 56 1259 758
48 1259 946 536 755 498 1259
53 683 943 683 2013 1400 679 1382 825 752 170 825 669 4101 2013 1014 465
53 2304
53 581 943 570 1102 1158 603 825
53 656 1123 144
53 3853
53 683 2304 683 253
53 144 253 292 253 1382 3924 340 498 338 99 3691 1914 167 2437 578
53 669 348 3603 1382
53 1085 943 253 1382 825 111 752 1409 1882 253 592 1213 3853
53 3021 943 144
53 81 79 4344 4329 4262 4307 87 3311 4316 4257 119
53 1882 943 144 2665
53 2304 1409 253 378
61 1123
61 545 545 3335
61 1989 545
61 1221
61 545 1123
62 3154
62 3051 50
72 1934 2946
72 652 2786
72 89 1934 987
76 3805 559 1670 452 513 658
76 2042 2351 514
76 3163 1153
76 1153 1153
78 3189 156
78 2568 4409 87
78 172 1596 94
78 2533 2301 780
78 1062 4864 4869 4868 4866 4870 4867 4863
91 3 793
91 4268 4269 55 58 1959 111 4276 79 4315 4278 3926 1075 144 1321 4 8 0 8 8
91 3235 8 278
91 859 42 281 3 859 2453 42
91 8 188 3642 843 859 41 8 102
91 3 177
91 4114 3 0
91 862
91 3 859
91 862 3376 1241 2671 1241
91 8
91 4 3376 810 859 42 194
91 194
91 3 3
91 51 42
91 0 1157
91 8 8 8 859 8 3 8
91 1743 3 3 859
91 4 677
91 42 859
91 4702 42 281 102 8 862
91 0 41
92 1075 3942 2103 755 3482 628 760 82 1008 4257 586
92 755 4276 4173 473 156 3926 2452 1075 144
92 862 862
92 4114 1648
100 2113 1797 1270 1576
100 1209 2096 1525 2046
100 1576
108 144 2163 2018 3615 1439 3812 70 69 3056 4786 2669 3633 968 111 2034
108 3691 54 366 4365 1650 2827
108 2669 2456
108 4786 2669 3493 1043 144 2669
108 4786 2642 1838
108 181 696
108 2669 4786 1588 2018 2208 2013 2041 1382 732
108 567 2860 405
108 222 4786 2669 1400 309 2018 2747 2626
108 170 2625 4024 138 111 919 2145
108 1131 4221 66 170 3926 2983 861 4359 4345 1297
112 399 1053 1053
112 526 526 526 526 526 526 1053 526 1053 1053 526 1053
112 526 511
112 898 1516 399 399 399 1053 1053
112 399 1053
112 1053 526 526 526 526 526 526 526 526 526 399
112 526 526 526 526 526 526 526 526 1053
112 399 526 399 526 1053 526 1053 526
112 399 399 1053 1053 1053
112 526 526 526 1123 526 526 526 399 1053 1053 526
112 1053 399 399 399
112 399 399 1053 1053 1053
112 898 1029
112 399 399 399 399 1053 1053 1053
112 1053 526 399 526 399 399 526 1053 526 1053 1053
112 1066 1175 526 526 399 526 526 526 526 526 1053 1053
112 526 526 526 526 526 526 526 526 399 526 1053 526 1053
112 472 205 1053 526
112 526 399 399
112 526 526 526 1053
112 526 526 526 526 589 526 526 1053 526 1053 526 1053
112 840 764
116 137 4025 2718 756
116 3220 473 1875
116 969 752 4025 2485 1553
116 933
116 969 1814 137 4025 2485 1131
116 137 591 4794 4025 144 1321 3494 3494 785 635
116 740 137 4025 2163 2478
116 4025 2485 2426 2014
116 969 2781 137 2014 2485 3142
116 969 1761 2230 4025 2485 2163
140 639 42
140 42 3547 1897
140 42 194
149 1382 405 1962 1939 713 1382 2805 2746 765 86 2147 383
149 2501 2569 750 3218 1662 4733 4740 2746 546
149 150 3249
149 1962 1102 388 3948 3587
149 603 2746 74 650
149 2611 706 2805
149 777 2289 149 885 73 74 144 501 430 3874 1481 518 1171 440 2804 3492 2372 433 745
149 74 389
149 1547 2209 2746 2611 2315
149 2007 825 293 2568 1942 293 2611 156 2569
149 299 2805
149 445 2069 1153 144 925 277 1102 149 388
149 1102 150 1062 64 1238 1055 151 1055 149 2746 546 295
149 2805
149 329 1165
149 3587 3853
149 827 354 56 1075 1613 4637 4525 3200 329 1889 4697 475 3583 354
149 969 1409 1102 2611 948 3764 2516
149 144 3477 58 4650
149 1055 2568 84 1962 1075 3812 1962 150 74 307 143 144
149 74 1962 2034 1075 135 1662
149 153 4737 886 3598 1055 389
149 4563 750 4740 144
149 969 683 476 2611
149 1939 280 309 940 383 119 3779 153 2971
159 1277 1277
159 799 718
159 1422 451 4187
159 2771
159 157 82 4276 4315 888 373 3629 498 3583 888 1075 319 370
172 445 480 1659 632 559 452 657 518 1109 1153
172 189 1177 1846 282 974
172 1177
187 4103 1416 4107 4103 4107 4107 4103
187 4103 4103 4103 4103 4107 4103 4107 4107
187 4103 4107 4103 4103 4107 4103 4103 4107 4103 4103 4103
187 4103 677 1987 2195 845 1123 4304
187 4107 4103 4103 4103 4103 4103 4107 4103 4107 4103 4107 4103 4103 4107 4107 4107
187 4107 4107
187 4107 4103 4103 4107 4103 4103 4107 4103 4103 4107 4103 4103 4107 4103 4103 4107
187 4103 4107
187 4107 4103 4107 4103 4103 4107 4107 4103 4103 4103 4107 4103 4103 4103 4107 4107
187 4103 4103 4103 4107 4103 4103 4103 4107 4103 4103 4107
197 144 1051 752 56 93
197 2464 2470 144 2653
197 1498 151
197 2381 2624 775 727 3280 609 519 1908 74 785
197 378 775
197 2687 3286 2687 760 2687 2423
197 2687 174
197 144 677
197 2444 2687 94
197 326 910
197 3633
197 2687 2500 2687 2230 2687 2687 60 3572 1401
197 705 2500 2687 151
202 810 3104
202 4 677 422 677
202 709 859 862 178
202 102 188
202 4335 4273
202 4114 4472
206 699 763 642 523 763 3498 130 131 642
206 942 763 642 763 184 148
206 642
206 3959 817
206 642 192
206 763 763 297 523 975 942 523 523 642
206 642 763 763 2798 763 763 642 523 763 2798 763 763 642 642
206 308 297 2375 4574
206 642 130 523 942 763 699 523 101 642 297 103 103 642 763 9 2737 158 642 642
206 854 975
206 642 942 523 975 763 523 817 975 642 1459 763 3828 642
206 763 1426 2797 932 971 3840 1105 817 700 523 942 817 554 297 817 523 1614 883 335 4058 6 642
206 942 975 297 4530 642 642
206 642 523 523 523 975 763 642 523 763 523 975 942 763 642
206 854 2798
217 3676 3541 3037 3541 4554 3676 2726 494 457 4497 564 1703 449 2065 3037 448 4554 2726 448 2563 2726 846 2726 3087 3367 3541 3541 3037 4554 881
217 3037 3676 3676 3541 4554 2726 3389 518 516 518 768 3676 559 4441 846 881 2726 3954 3248 3375 2317 2838 3037 4554 448 559 2726 3389 494 564 3541 3541 846 881 559 2726 3389 2726 881 846 3037 3037 4554 564 494 559 2726 881 448 881 846 559 3541 3676 1397 3503 2065 450 4497
217 448 3037 494 3676 3037 564 3037 2726 452 2065 450 2735 451 564 3676 3541 2726 564 4497 564 3784 2726 559 2726 3366 2726 4554 1703 4554
217 3037 440 2540 743 2065 450 451 3541 4554 3367 2726 3676 4554 4554 448 4554 3389 2726 3541 3037 3037 3037 448 448 3037 3676 1703 2065 452 3503 451
217 3037 3676 3541 4840 4603 3674 2726 3541 2726 3366 3541 3366 2726 2726 564 3784 3541 2726 3366 2726 881 559 3389 881 4554 3037
217 2726 3541 4554 2726 3389 3541 4554
217 3302 487 3784 486 447 561 3037 4554 448 3676 448 1703 450 452 2065 451 3676 4554 3676 2615 1397 2615 1241 3228 1240 3048
217 3366 2726 3366 2726 881 846 4603 2838 2726 3676 2726 448 3784 768 4497 1703 3541 3541 457 4543 286 994 1640 494
217 3676 3541 3366 2726 3541 2726 2726 3366 3541 2726 2726 3389
217 2757 2989 1240 4549 1241 3228 2615 457 3787 1640 494 4554 3541 2726 2726 3037 4554 2726 3366 3367 2726 1703 3676 564
217 3676 3541 3676 3676 4554 3037 3541 2726 559 449 564 4554 2726 3366 881 2726 4441 494 3366 2726 4554 4554
217 107 4147 246 3185 183 4147 4147 4147 1583 1234 3079 457 4187 4222 3787 494 3541 3676 3541 4554 2726 3541 3037 3541 4554 2065 3676 2065 3967 1397 3574 1267 3676 3037 3037 487
217 2726 4554 4554 2726 3676 3037 4441 2726 3541 2901 4554 2726 3366 4441 3367 2726 3366 2726 3037 3676 3037 448 448 452 2065 2726 3037
217 3676 3018 4554 3676 4554 3676 3676 494 564
230 2086 943
230 570 3461
230 357 304 203 3333 4040 4525
230 53
230 172 917 4733 2957
230 2838 514 865
230 460 3034 3218
230 309 3583
230 742 948 55 752
230 943 1954 1156
230 970 775 2500
230 305 357 705 151
230 760 3428
230 287 2103 2903 3950
230 1679 376 3157
230 3184 2817 532
230 357 1681 2074
230 116 3085 3085 2176 1540 924 3772
233 2991 2248
233 2248 2248 2248 2248 2248
233 1989 677 1580
233 2248 2248
233 1989 677 830 830 677 677 2195 1989
233 1989
233 1989 2248
233 1989
237 1222 821
250 2103 2910 948 4679 354
250 97 3691 1662 739 1143 379
250 144 1889 2103
250 765 1945 760 3263 1889 2103 3056 354
250 2080 91 391 1055 1401 872 1055 775 519 1055 778 948 1864 321 76 169 912 391 339 1083 3572 152 1934
250 144 3282 1162 3584 1162 144 3536 2103 287 3263 775
250 144 1123
250 261 2010
250 873 4365 2759 74
257 299 1506
257 1506 1498 1664 3164 4002
257 3164
276 4649 3737 4649 4649 2516 4649 2516 1620 3393 3129 4649
276 1834 2438 3737 1834 575 3737 146 1834 575
276 3071 575 3737 575 3737 144 575 3737 146
276 3737
276 3737 3598 575 144 157 1287 3220 4649 3737 146 667
276 456 575 1834 3737 1511 531 146
276 4649 4649 3737 4649 4649 4649 4649 4649 4649 4649 395 4649 146 4647 2222 4649 4649
276 4649 3737 3737 4649 3737 4649 3737 3737 4649 4649
276 3737 1568 1568
276 575 575 3737 4649 575 146 2568
276 1072 1072 456 3555 456
276 2827 144 575 575 144
276 3071 575 3737 925 3598 575 4649
287 1446 694 704 695 687 691 703 690 692 689 693 688 686 1586 697 4667 1592 1454
287 3144 3144
287 685 1446
302 3501 1037
302 3755 1037 3501 4411 3941
302 3526 3501
302 1037
302 3501
302 1123 4411 3501
302 4411 1037 3755 4411 3501
302 2161 439 2213 1466
302 3501
302 4411 1037 3501 1123 3923 3996
302 3941 1037 3501 3755
305 1376 4
305 3304 1155 1376
305 1074 1491
319 1201 4424
319 1201 677
320 4864 4869 4868 4870 752
343 2673 1638 538 3830 3628 3864 427 419 420 421 422 425 424 423 3694 1794 584 3116 3464 2072 2009
343 1700 828 677 4766 418 2986 1346 3864 427 426 984 418
369 546 293
369 532 531
369 1214 131 130
374 4749 3795 4749 4749 4749
374 4749 4749 4749 3795 4749 4749 4749
374 3795 4749 3795 4749 3795
374 4749 4749
374 4749 3795
374 4749 3795 4749 3795 4749 3795 4749 4749 3795 4749 3795 4749
374 4749 3795 4749 4749 4749 3795 4749 4749 3795 4749 4749 3795 4749
374 4749 3795 4749 4749 4749 4749 4749
374 4749 4749 4749 4749 3795 4749 3795 4749
382 238 265 3523 1802 238 265 3523
382 238 265 3523 1802 238 265 1802 661 3322 662 1135 3409 2998
382 238 265 3523
382 238 265 3523 238 265 3523 238 265 3523 238 265 3523 238 265 3523 1802
382 238 265 238 265 238 265 265 238 238 265 238 265 265 238 265 238 238 265 265 238 265 238 265 238 238 265 265 238
382 1802 265 238 3523 238 265 238 265 3523
382 238 265 238 265 3523 238 265 3523 238 265 3523 238 265 3523 1802 238 265 3523 265 238 3523 238 265 3523 1802 238 265 3523 238 265 3523 265 238 3523 238 265 3523 265 238 3523 238 265 3523
382 238 265 3523 238 265 3523 238 265 3523
382 1802 238 265 3523
382 1802 238 265 3523
382 238 265 3523
382 238 265 3523 265 238 3523 1802 1802 238 265 3523 662 1135 2546 1314 661
382 238 265 3523 238 265 3523 3523 238 265 238 265 3523 238 265 3523 1802 238 265 3523 238 265 3523 238 265 3523 238 265 3523 238 265 3523
382 238 265 3523 238 265 3523 1802 238 265 3523 238 265 3523
382 238 265 3523 1802 1802 265 238 3523 1802 238 265 3523
382 238 265 3523 238 265 3523 238 265 3523 238 265 3523
382 238 265 3523 1802 238 265 3523 238 265 3523
382 238 265 3523 238 265 3523 238 265 3523 238 265 3523 1802 238 265 3523 1802 238 265 3523
382 265 238 3523 238 265 3523 1802 238 265 3523 1802 238 265 3523
382 1802 238 265 3523 265 238 3523 1802 1802 238 265 3523 238 265 3523 238 265 3523
382 238 265 3523 238 265 3523 238 265 3523 238 265 3523 1802 238 265 3523 238 265 3523 1802 238 265 3523 238 265 3523 238 265 3523 238 265 3523
382 238 265 238 265 1802 1802 265 238 238 265 238 265 1802 1802 238 265 265 238 265 238 1802 238 265 265 238 238 265 265 238 265 238 1802 238 265 238 265 238 265 238 265
382 238 265 3523 265 238 3523
382 238 265 3523 238 265 3523 238 265 3523 238 265 3523
382 238 265 3523 238 1802 265 1802 238 265 238 265 3523 238 265 3523
382 1802 265 238 3523 1802
382 238 265 3523
382 4334 60 80 4252 4329 79 4342 4331 79 4276 56 1439 79 56 888 80 1439 238 265 3523 1802 238 265 3523 265 238 3523 238 265 3523 238 265 3523
388 3832
388 176 1240
388 1440
395 1240 1155 1123
395 1163
395 1123 235 235 4098
395 1123 1155 4713 1240
405 888 4268 4266 1242 2507 80 2452 1813 752 156 4276 651 750 1051
405 2801 264 12 2567 33
405 999 1617
405 12 2772 12 905 784 12
405 1684 967 4614
405 598 1740 299 651 943 2285 683 1636 3650 598 474
405 4560 900
405 4614 2739
405 595 4614
405 595 4793
409 3229 4187 3574 3168 515 3031 2206 658 658 3367 2065 450 4187 3952 441 2728 2310
409 3272 433
409 2838 450 452 513
414 4187 450 3123 3784 2347 3570 518 487 3784 485 501 483 480 499
414 3799 2132 821 3009 3773 3773 3009 4773 658
414 2443 2443 3009 3773 3009 3009 3773 3773 3009 3009 3009 3773 3773 3773 2443 1019 452
414 2443 3009 3773 3773 3009 3009 3773 3773 3009 3009 1160 718 1997 4543 434 571
414 3009 3773 3773 3009 3009 3773 3773 3009
448 1265
448 1417 259 4589 656 510 2894
449 10 1614 1614 1614 883 10
449 10 829 171 1614 10 1532 10 2375
449 10 883 10 10 100 10 171 2375 100
449 10
449 1532 2375
449 1524 171 1614
470 369 1664 1739
470 3102 405 1075 292
470 1289 766
483 1404 887 4240 3785
483 1404 39 587 588 675 38 2110 44 36 43 842 2312 1404
483 2986
483 1123 783
488 2326 2326 2326 3585 2326 2326 2326
488 2326 444 2326 2326 444 444
488 2326 2326
488 2326 3604 2326 3585
488 2326 2326
488 2326 2326
488 2326
488 2326 444 3585 2326
494 2854 2975 2854 2854 2854
494 2975 2975
494 2854 2854 2854 2854 2854 2854
494 2854 2975
494 2854 2854
494 2975 2854 2975 2854 2854 2854 2975 2854
494 2854 2854 2854 2854 2960 2594 1031 198 3535 4515 4495 4097 597 4658 205 2161 2214 205 1066 4097 4515 4495 439 597 4658 1546 3535 198 1031 2112 2594 2960
494 1155 4672 2854 2975 2854
494 1155 4672 4713
494 2854 2854 2854 407
494 2854 2854 2854 2854 2975 407
494 2975 2975
494 2854 2854 2854 2854 2854 1155 4713 4672 176
494 2854 2975 2854 1123 1005 3923 4092 3996 1123 4216 1123 4216 4092 3996 3923
494 2854 2854 2854 2854 2975 2854
494 2854 2854 2854 2854
494 2854 2854 2854 2854 2975
507 4354 4354 4354 4403 4403 4354 3703 4354 4354 4354 4403 4403 4354 4354 4403 4354 4354 4354 4403 4403 4354
507 4354 4354 4354 4354 4403 4354 4403 4354 3703 4354 4354 4354 4403 4403 4354 4354 4403 4403 4354 4354 4354 3703 4354 4354
507 4354 4403 4354 4403 4354 3703 4354 4403 4403 4354 4403 4403 4403 4354 4354 560
507 4403 4354 3703 4354 4403 4354 4403 4354 4354
507 4354 4354 4354 4354 4403 4354 3703 4403 4403 4403 4403 4354 4354 4354 3703 4354
507 4354 4354 4354 4354 4354 4403 4354 4354
507 4354 4354 4403 4403 4354 4354 4354 4354 4354 4354 4354 4354 4354 1124 247 4354 4354
507 4403 4354 3459 3703
507 4354 4354 4403 4403
534 1221 2615 3386 1221 3854
534 3854 3854 3854 3854
534 3854 3854 3854 3854 3854 3854 3854 1221 1581 1581 1221
534 3854 3854
534 3854 3933 3854 3933
534 3854 3854 1221
534 3854 3933 3854 3854 3854
534 3854 3933 3854 3933
534 3933 3854 3933
534 3854 3854 3854 3854 3854 3854 3854 3854 3933
534 3854 3854 3854 3854 3854 3854 3854 3854 3933
534 3854 3933 3854 3854 3854 3933 3854
534 3854 3854 3854
543 3585 173 189 189 173
543 173 830
546 978 370 97 113 62 622 927 785
546 1679 2623
546 165 1957 888 111 53
546 2006 2929
546 317
546 1162
546 1158 169
546 2666
546 2629 1289 3668 2324 2666 144 1153 1693
546 82 53 2769
560 266 853 266 3766 7
560 2124
560 3346 318 474 616
560 2763 3997 2219 1910 1249
560 263 318 2739 2940
560 1145 2130 3521 2763 1788 2801
560 2073 2830
560 1293 1137
572 4814 4814
572 249 4424 996 2656 4814 4814
572 4814 4814 4814 4814 249 3788 677 420 422
572 4814 2656 4814 4814 4814 2656 4814 4814 4814 4814 4814
572 4814 4814 4814 1668 263 249 677 2474 420 677 2934 249 3875 551
572 4814 4814 2656 4814 4814 4814 4814
572 420 3694 420 420 420 677
584 359 405
584 2163 2596 93 405 1002
584 2163 1411 2500 2444 292 3822 2784
584 649
584 2478
584 93 151
584 473 2163 524
584 3164 1085
601 2960 1031 2171 3839 1031 2960 2960 1031 2171 2171 3839 1031 2960 2960 1031 2960 1031 2171
601 2960 2171 3839 1031 2960 2960 2171 1031 2960 2960 1031 2171 3839 1031 2960 2960 1031 3839 2171 2171 3839 1031
601 597 4515 439 204
601 2171 1031 2960 1031 3839 2171 2171 3839 1031 2960 2960 1031 3839 2171 2171 3839 1031 2960 2960 1031 3839 2171 3839 1031 2960 2960 1031 2171 2171 1031 2960
601 2960 2171 3839 2960 1031 2171 3839 1031 2960 2960 1031 3839 2171 2171 3839 1031 2960 1031 3839 2171 2171 3637
619 1241 3168
619 1458 1123 1711 1711
619 1153 3276
621 4744 4058 162 335 249 4058 335 4058
621 916 3036 408 724 3036 10
621 3036 1 162 11 3036
621 249 636 554
621 3036 10 3033
621 335 249
631 656
631 656 3485 545
633 768 513
633 510 3806 545 2654 221 815 245 2130 1668 331 2654 221 249 2842
633 510 3974 1866
633 3515 655 4247 510 3806 938 3097 4127
648 677 3508 1162 1823
648 3508 1123 511
648 1006 456
648 547 1162 456
648 456 456 3508 938
648 1240 1162 456 456
648 938 3195 3467 1773 3209 1458 2309
648 1880 1162
648 1162 4197
656 974 974
656 4078 1227 1846 4645
656 4078 4645 4645
658 4484 4007 4484 4396 4484 4007 4484 1551 4484 4007 4484 4484 4007 2079 4484 4007 1551 2079
658 4484 4007 4484 4484
658 4396 4484 4007 4484 1551 4484 4007 4484 4538 4396 4484 4007 4484 4538 4538 4396 4484 4007 4484 4396 4484 4007 4484 1551 4538 4538 4538 2079 4538 1332 1000
658 4484 4007 4484 1551 4484 4007 4484 4538 4484 4007 4484 1551 2079 4538 4484 4007 4484 4484 4007 4484
658 4538 2079 4538 4396 4484 4007 4484 1551 4538 4484 4007 4484 4538 4007 4538 4484 4007 4484 4538 4484 4007 4484 1551 4538 4396 4484 4007 4484 1551 4538 4538 4538 4538
658 2079 4396 4484 4007 4484 4007 4538 4396 4484 4484 1551 4538 4484 4007 4484 4007 4396 4484 4007 4484 4538 4396 4484 4007 4007 4538
658 2079 1551 4484 4484 4484 4007 4484 2079 1829 836 4538 4484 4007 4484 1551 4007 4396 4484 4007 4484
658 4538 4396 4484 4007 4484 4538 4484 4007 4484 2079 4484 4007 4396 4484 1551 4538 4396 4484 4007 4484 4538 4484 4007 1551 4538 4538 4538 4538 4538
658 4484 4007 4396 4484 4007 4484 1551 4484 4007 4484 1551 2079 4484 4007 4484 1551 4484 4007 4484 2079 1381 1394 2140
658 2079 4484 4007 4484 4538 4396 4484 1551 4538 4484 4007 4484 4007 4538 4396 4484 4007 2079 4538 4396 4484 4538
658 821 3708 3592 3592 821 962 1376 4538 1551 4538 4538 4484 4200 4538 4538
658 2079 4538 4484 4007 4484 1551 4484 4007 4484 4007 4396 4484 4007 4484 4396 4484 4007 4484 4538 4396 4484 1551 2079 4538 4538
658 2079 4538 4396 4484 4484 4007 4538 4484 4007 4484 1551 2079 4484 4484 4538 4538 4538 2079
658 4396 4484 4007 4484 4484 4007 4484 4484 1551 4538 2079 4484 4007 4484 1551 2079 4484 4007 4484 4538
658 2079 4538 4396 4484 4484 4538 4396 4484 4007 4484 1551 2079 4538 4484 2079 4484 4007 4484 4538 4396 4484 4538 4538 1551 4538 4538 4538 4087
658 1551 4007 1551 4007 4396 4007 4007 1551 4007 1551
658 4538 2079 4538 4538 4484 4007 4484 4538 4484 4538 4484 4007 4484 1551 4538 4484 4007 4484 4538 1551 2079 4538 4538 1376
658 1381 2079 4538 4396 4484 4007 4484 1551 4484 4007 4484 1551 4484 4007 4484 4007 4484 4007 4484 2079 4484 4007 4484 1394 4538 2079
662 1335 2447 2114 1433 2447
662 1420 1246 1284 1577 1425 1209 507 1884 1380 1367 1368 1858 2215 1220
672 1328 1776 1328 1776
672 3769 1163 1222 3149 806 805 1222
672 1163 3769 677 845 2104
672 1163
672 1328 1776
672 1240 3815 315 560 3815 247 2459 3815
673 2859 2190 2883 2190 2883
673 2190 2883
673 2190 2883 2190 2883 2190 2883
673 2190 2883 2190 2883 995 1486
673 4819 4853 4854 4822 4820 4824 4827 4828 531 1504 1511 4829 4826 4825 4821 4823 3991 528 4824 530 2049 356 2190 2883
685 1449 2362 3997
685 1674 1946 2217
685 1220 4084
685 2155
705 1321 173 4424
705 2691 2691
705 2691 2691
705 1097 871
705 1321 2138
705 2691 804
705 2589 895 734 733 144 1321 610
705 313 1747
724 4201 3817 406 3817 405 3817 1131 3817 2056 771
724 60 1628 330 253 2557
724 3817 1131 3817 3817 151 3817 1115 3817 359 1826 3262
724 656 189 144 3817 1761 3817 4359 1152 713 498 2464 4096
724 2759 305 1911
724 1115 111 307 93 4870 1596 4863 307 93
724 1930 1409 1628 3817 1085 3817 3817 2860 1131 3925 3817 1787 3817 2500 4201 2441 3817 1705 1628 1852
724 3817 1664 1861 116
724 3817 3420 3853 3817 4242 3817 1928 3817 3817 713
724 4242 253 2436 3817 1115 2056 546 293
724 1229 2623 87 62 116 1628
724 2034 3572 3817 4113
724 2827 144 249 1241 457 4187 452 2064 2838 501 485 483 499 564 494 658 480
724 823 2827 144 1321 1006 1155 4713 144 3817 465 151 3817 1628 2969 80 1017
724 3817 1156 681 1814 2436
724 1628 1131 3925 2500 3817 3286 1131 3817 3817 3817 1115 1861 1760
724 713 3817 1861 3817 3817 1761 3817 2742 4365 919 174 4525 151
724 3817 2500 1242 3817 3817 1628 3817 3817 1289 3817 1131 3817 713
738 2649 2449
738 814 144 1240 1945 1158 348 1143 3942 338 93 74
738 144 2863 74
738 249 144 2863 172
738 3865 3865
738 3014 2040
738 144 1355 1355 144 2665 2649 70 66
738 3865 3691 827
738 1123 249 144 144 656 852 656 249 144
745 2793 2793
745 2793 2793 1628 2793 2750 370 4316
745 3858 4316
749 4523 4523 4523 4523 4523 4523 4523 4523 4523 4523 4523 4523
749 4523 4523 4523 4523 4523 4523
749 4523 4523 4523 4523 4523 4523 4523 4523 4523 4523 4523
749 4523 4523 4523 4523 4523 4523 4523 4523
749 2033 1123 656 4589 2635 1042 260 852
749 4523 4523
749 4523 4523
749 4523 4523
749 656 1123 2033
749 4523
766 2240 2399
766 4009
766 1533
785 946 2685 2693 2693 946 2693 2693 1512 4213 2946 2693 4095 1998 3572 2693 2693 3572 681 2693 536 2693 1179 2084 1188
785 3188 775 2693 920 2693 2057 2693 2693 4095 2693 2693 268 93 2468 2468 2693 2468 970
785 870 2693 2693 2057 2174 775 3883 4733 2693 146
785 1192 2174 536 1813 2760 2084 2834 2693 310 536 145 924 4697 775 138 1729 4863 4866 4864 4867 4870 4869 4865 4868 771 2967 3803
785 825 4185 2084 629 2693 2693 2693 1027 3482 4034 3572 1242 2693 2760 3428 4213 761 2693 2693 71 3582 271 1512 925 1062 2805 2516 3263 775
785 2693 2287 2693 2693 4671 4787 261 122 2693 1908
785 2174 2693 1242 2693 4095 3572 648 683 2693 2693 1906 968 4095 4213 1398 157 2693 2693 2693 2693 1195 348 2174 2084
785 536 2280 536 462 775 536 2742 4872 66 4647 65 67 69 70 68 301 4223 64 72 77 60 82 114 546 1744 1439 145 776
785 1179 2693 2693 1242 2693 2693 2322 4095 3549 2693 1251 4095 3583 111 2516 566
785 1213 752 979 946 2383 1934 3582 3572 4365 156 320 4221 2625 1100 1099 4620 2456 3155 76 780 536 1242 2723 2693 262 536 775 2693 536 2860 1289 405 2805 2516
785 1568 536 2287 74 1242 93 1596
785 3142 2693 2693 775 2693 536 1568 2693 1174 680 2693 2700 4358 1122 776
785 756 2007 2693 3883 1242 1898 4034 2693 2693 4752 4733 2693 536 2693 650 1906 383
785 2174 2693 2693 2693 2693 536 2084 2693 3691 146 2805 775
785 2693 1628 2693 2693 462 2353 2693 775 2693 1179 3142 2693 2693 3395 2770 111
787 3420 138 2381 1333
787 847 738 738 6 738
787 738 2795 2564 2795 847
787 905 1937 738 847 1937 738
847 80 79 60 80 4328
847 144 1216 3091 196
857 1241 3228
857 1162 3209
857 2747 4303 81 4024 80 4270 3332 814 3311 80 79 373 164 261 55 774
886 821 3708 3806 452 2042 4773 440 832 824 1800 510 1163 2293 3711 3870 2513 2246 2246
886 2513 3417 3870 2513 3807 3807 3191 3606 3807 3191 2513 3807 2513 3807 2513 2364 2513
886 3870 3711 3371 2513 3870
886 3711 2513 3807 3870 3807 3191 3371 2293
886 2513 3371 3870 3807 2246 3807 3807 3870
886 3191 2458 3711 3191 2246 2246
886 3807 2246
886 2513 2696 3807 3807 2513 3191 3807
886 3191 3870 3807 3870 3711
886 84 546 156 683 75 1934 56 4620 65 91 3387 2668 144 249 47 2293 3711 3870 3606 3807 3807 2513 2513 2513 3870 2513
886 2246 3870 3807 2513 3870 3807 2513 2293
886 3711 3191 2513 2458 3870 3711
886 3191 3807 3191 3711 3870 3191 3807 3191 2246 3711 3870 3191 3807 3191 2246 2458 2246 2696 3711
886 2513 3870 3807 2513 3807 3807 3191 2513
886 3870 3711
886 3711 3807 2513 2696
886 3870 2458 3870 2458
886 2851 3807 2513 2513 3870 3711 2293 2842 249 144 2230 111 3633 3926 66 55 61 70 67 68 64 77 74 1152 316 58 54 378 960 3582 268 1179
886 3870 3807 2246 2246 3807 2246 3191 3711 2246
886 3870 2513 3807
886 3870 3807 3870 3870 3191 2513
886 2522 2696 2513 2246 2696 3371
886 3711 3711 3711 3807 3870 3711 3191
892 79 1907 138 79 122 79 79 4335 3218 4290
892 2369 2650 2436
892 2650 2650 3834 2157 1936 3372 1681 1681
901 2662 1199 3766 532
901 802 12
901 12 12
901 1102 770 354 3779 785 1508 952
901 4560 12
901 12 2073
901 1944 4560 308 1781
901 12 333 2073 12
901 2304 172 157 299 811 1152
901 354 2830 12
901 12
901 12 12
901 12 2073 2647
901 1184
901 12 1706
903 669 4138 390 1841 4213 4213 3715 2008 1213 2868 2760 3428 2623 2040 3025 1156
903 2805 1518 669 1188 4024 392 3025 94
903 3025 3025
903 1241 3515 2008 669 3025
903 3715 946 3691 3715 3025 58 888 1596 669
903 53 146 4213 669 3025
903 823 1596 4869 93 4866 4863 4863 669 4867 2863 4863
903 2008 3025 4213 958 2087 669 946
903 775 390 601 1117 775 3188 669 3853 1855 390 4213 1954 1439 958
903 1035 1156 3691 1954 957 669 2805 567 669 3025 1156
903 2569 3025 1954 1156 144 545 568
903 669 2805 3025 3219 3025 1954 1035
903 1016 1026 2008 145
903 1188 899 2805 3188 3025 3025 669 946 3025
903 4863 4866 669 2008 3025
903 1111 899 780 669
903 1051 3025 2698 3549 3715 4213 814 4034 274 1855 91 4320 669 2464 620 383 1679 96
925 1152 147
925 4637 4525 310 4637 4525 4719 4637 622 279
925 4661 1906
925 2624 465
942 4091 192
942 4091 4091
942 4091
942 4091
942 4091 4091 4091
942 2124 4091
942 4091 4091
942 4266 4270 4263 4309 679 4264 4273 203 4345 79 611 679 79 4279 4335 122 116 1176 4091
942 789
942 4091 4091
942 4091
942 4091
942 4091 4091 4091 647 380 4091
942 4091 148
976 3089 1693 1153
976 2069 2727
976 3531 3515
976 3784
993 2849 4288 2849 4288 2849 4288 2849 353
993 4288 2849 3761 2849
993 4288 2849
993 4288 2849 4288 2849 353
993 4288 2849 4288 2849
993 2849 3761 4288 2849
993 2849 2849
993 1487 2849 1487 1487 577 2849
993 4288 4424 764 4424 1487
993 2849 4288
993 4288 2849 4288 2849
993 2849 2849 4288 2849 4288
993 4288 2849
993 4288 2849 2849 3761 4288 3761 2849 4288 2849
993 2849 2849
997 3391 997 997 853 997 1337 1338
997 4269 79 4254 88 306 57 80 82 116 4365
997 997 2628
997 4535 1 2429 2377 997 997
997 853 997
997 4762 4762
997 997 163 613 1651
997 997 118 10 408
997 79 80 79 4290 586 80 605 66 4315 79 4251 4252 4312 86 4293 3240 370 156 1152 354 74 75 4315 79 4261 80 4259 85 4262 80 3316 287 2103 87 58 79 1765
997 583 2927
997 4694 4694
997 700 32 17 31 18 14 16 15 30 19 23 90 21 22 20 28 29 27 26 25 24
999 1564 2365 139 140 10 2730 2 2365 916 262 1813 156 3455 622 710 156 88 306 55 82 85 53
999 2 48 10 13 2730 1564 916 10 408
999 2 2365 10 2365 139 1 10 131
999 3036 2927 2730 35 2365 2365 2730 3036 789 148
999 11 192
999 2730 2730 10 789 1520 140 10
999 313 106 106 1564 2365 52 3036 10 2365 916 48 2927
999 4762 4762 1651 11 4762 4762 300 4762 221 804 313 118
999 2730 2 10 4744 11 2365 1564 1651 3032 905 3561
999 2 221 903 13 2365 52 10
999 184 12
999 106 52 12 2365 2365 2730 106 2730 13 3240 269 2686 99 2685 1948 79 4290 4258 4311 4315 4295 4267 4252 4312 4258 4251 79 4251 4267 4254 4293 4301 4252 4290 80 4311 79 3240 370 156 1152 3056 354 74 3240 269 1088 4337 55 111 2456 3811 55 3779 54 2483 57 56 58 1948 3240 79 4290 4259 79 4254 4267 80 79 80 4301 4312 4290 4302 4315 4345 79 4262 2449 4256 4352 79 81 1229 4309 77 3240 269 287 2103 169 87 4260 4290 79 2766 82 55 54 59 58 3067 3586 4024 104 3067 58 2799 3312 1677 2799 56 3240 3240 269 79 80 4290 4259 4353 4255 4299 66 1765
999 2 2 408 10 2365 2365 2365 2141 12 541 3032 905 2141 4694 4694 2141 2739 1430 4694 4694 1706 12
999 2365 13 2365 2 2365 490 1486
999 2365 52 2730 2 13 2365 3947
999 2737
999 11 2365 2365 2365 13 2730 2365 2365 106 10 492 1651 408 2797
999 79 382 598 52 3036 10
999 2365 11 3949 2365 2 2365 2730 13 4744 2 148 408
999 2730 2365 48 13 52 724 11 789 906
999 598 2365 2730 2 13 2365 646 52
999 2365 163 2365 2 2365 139 2365 4744 2730 408 10 3949 3483 1071
999 1564 2730 2 10 11 1564 789 148
999 2365 163 10 52 5 2730 139 110
999 2730 4744 2365 2365 2365 106 139 4535 10 2365 4744 48 11 100 1071
1002 3108 130
1002 3108 1236 3108 1077 3108 1184
1002 3108 296 3108 2562 3108 3108
1002 4327 4263 203 598 635 3108 296 3108 3108
1002 3108 3108 3108 3108 3033
1002 3108 3108 296 4694 1184
1002 3108 853 414
1003 783 4240
1003 2576 2122 982 2576
1003 2122 1118 2122 249 110 47 2842 3577 2842 249 3577 2842 249
1003 2031 1118 2100
1003 1123 3923 3450 3859 4424
1003 2122 2100
1003 1153 1693 1153 452
1003 982 3447 2105
1003 2100 2490 2616
1010 867 700 789 52
1010 100 867 10 52
1010 789 867 35 3036
1010 867 3947 1061
1010 74 79 4290 4251 56 79 4261 4315 4328 4329 91 4257 1765 79 4329
1010 127 637 141 131
1010 79 4269 2226 4274
1020 1123 3923
1020 249 47 1791 1240 2757 2714 1240 4579 1123 4304
1020 1240 560 3048 3259
1020 656 3485 4147 4147 246 3185 4147 656 3485
1022 2071 2571
1022 2571 3346
1022 12 2571 2571 540 2571
1022 2571 2571 2571 2493 2571
1022 129 2571
1035 2649 144 938 821 821 249 144 943 2903 943 2903 943 2903 74 1930
1035 2649 2903 943
1035 775 943 2903 943 2202 2903 2903 2770 943 2903 2758 1930 151
1035 2033 1162 953 249
1035 2903 2903 1026 775
1035 943 943 943 920 943
1035 144 1153 1153 144 943 2903 1017 1930 151
1035 943 2903 943 2903 2903 943 943 1679 1017
1035 1468 440 1468 1468 1153 144 1786 271 86 1401 1664 1739 1838 1131
1035 938 3336 1241 894 994 4187 2094 1468 2094 2094 1468 2094
1035 93 95 172 679 943 943 943
1035 943 943 2903
1035 943 943 2903 2649 943 943 2903 1043 287 2103
1035 2094 1468 1468 2094 1468 1468 2094 1468 2094 1468 2094 1468 1468 1019 1659 2351
1035 4733 2957 2770 919 1786 1934 2103
1035 79 63 64 65 66 83 78 121 56 104 57 58
1035 2903 2903 2018 2903 2202 74 151
1035 1156 741 498 1935 735 144 1153 1468 1468 1478 1468 1468 2094 1468
1035 972 326 943 2903 934 943 2903 2203 943 2903 943 2903
1035 2903 2903 1207 1026 3883 2903
1035 2094 1468 2094 1468 2094 1468 2094 1468 2094 1468
1035 464 943 943 4733 2946 1207
1035 2094 1468 2094 1468 2094 1468 1468 2094 1468 2094
1035 943 2903 943 2903 1017 1786
1035 2649 943 3883 4733 2649 943 2770 1384 943
1035 2094 1468 2094 1468 1468 2094 1468 1873 2094 865 144 498 2686 2685 1948 1016
1035 943 943
1035 2903 2903 2770 1043 2903 943
1035 943 2903 943 2903 277 943 2903 1939 303 943 2903 2910 2903
1035 919 943 2903 943 2903 1043 1930 1026
1045 249 131 130 6
1045 1910
1045 1916 3564
1045 772 466 1319
1045 1272 1469 1273
1045 1642 1367 1469 1366
1045 914 913
1045 2164 1759 1270
1045 1657 497
1067 494 3076 2563 3076 1086 2563 2838 1086
1067 1144 513 768 457 3087 3389 1435 3787 865 1153 865 1153 3018
1067 2735
1067 450 2728 1670 2838 3089 4518 3386 2042 1792
1067 471 436 431 3492 431
1067 1640 457 1267 457 4187 1703 2028 4187 2404 2404 2028 451 450 457 1640 2028 846 3787 2042 457
1067 2063
1067 3089 1728 1434 2310 1121 743 3135
1067 452
1067 2404 3787 1640 1144 513 2042 1703 1703 1144 4508 1267 454 1139 2286 2307 865
1105 4855 144 1885 1771
1105 1561 4855 4563 2713 958 2759 3333 2983 3633 170
1105 4855 4034
1105 4855 3115 4855 677 3046 1987 1132 1132
1105 4855 4855
1105 60 1679 3115 4855
1110 760 3549
1110 760
1110 4666 760 3202 1805
1110 3115 3115
1110 760 760 4666
1110 760 3926
1115 1596 3115 3115 2018 277 3115 623 3115 144 1123
1115 131 3115 731 3129 2976 3115 2741 354 138 79 96
1115 3115 3115 4764
1115 228 4637 3025 1117 3115 310 1908 591 3115 4525
1115 3115 2202 3115 3115 3115 623 761 94
1115 1704 120 288 3115 3115 3115 303 608
1115 1282 1905 269 54 82 1637 4223 53 3115 3115 825 322 280 279 1441 3146 309 3115 2018 3115 3388 3115 1679 1905 2770 1540 4113 3129 4353
1115 598 755 4241 151 3115 1679 277 377 3484
1115 1596 2756 4349 4359 1679 58 1679 3948 3115 2770 33 1129
1115 3115 4255 304 116 3333 81 87 66 135
1121 4114 0 639 191 102 1009 1339 1648 3 42
1121 1743 3096
1121 869 194
1122 1393 959 2631 1393 1197 1393 4692
1122 2427 1424 1393 959 1741 1395
1122 914 913 1428 1340
1122 4692 1293 1393 1395 1340 1395 1393 1497 1393 1395 1393 1395 3660 4692 1293
1122 1393 3956 2095 1393 1393 2096 1577 981 1024 1393 1340 1393 1340 1428 1449 1198 1340 1393
1122 1395 1393 1393 1198 1393 1741 1393 1393 1366 2346 1393
1127 1537 914
1127 914 3997
1127 1858 2095
1128 1198 959
1128 1243 1395 2631
1128 2033 1222 2131 2488 3557 1006
1134 1393 1393 1343 1559 1424 1137
1134 1543 1559 1393 1393
1134 1910 1424
1134 1393 1197 1393 1393
1134 1393 2427 1619 1424
1134 1393 2427
1139 1130
1139 1390
1147 537 3115 3115 3388 3115 1041 3115 1810
1147 2203 3388 3115 3115 606 1810
1147 2786 253 3115 3115 3115 3115 1004 3115 320
1147 3115 2203 2786 3115
1147 3115 3115 1035 3115 3115 3199 3115 269
1147 3115 3115 3115 3115 606 1289 721 3115
1164 4529 4529
1164 715 2335
1164 12 1584 356 2071 2581 629 1152 1561 113 1908 79 1444 154 60 3461
1164 1750 3086 356 952 1094
1164 4529 971 4529 4529 1130
1164 1094 1584 1094 541 1094 1723 1750 127
1164 3086 2047 4529 763 4529 903 4529 180 3086 2801 1145 1013 33 127
1164 3086 4529 4529 4529 4529 4529 905 4529 785 3333 2558 261 770
1164 1094 1584 847 1094 1094 1094 1584 1584 1094 2543 412 1584 804 1094 2562 1094
1164 4529 4529
1164 4529 554 2047 4529
1164 847 1189 4529 4529 2543 4529 541 4759
1164 595 1584 847 221 548 1584 576 1094 7
1164 4529 4529 4529 4529 1781 616
1164 1750 847 4529 1723 953 1866 510 510 249 4529 4529 4529
1164 4529 1684 4529 4529 1130
1164 2160 1094 595 1094 1584 1094 1145 1094 1584 2562 1094 1584 1094 1654 1750 1094
1164 356 548 118 2543
1164 4529 1723 4529 1763 398
1164 1094 595 356 1584
1164 74 3250 778 3615 373 79 920 299 4338 120 74 146 948 3469 1584 541 905
1164 1094 356 1091
1164 4529 971 4529 4529 4529 118 2148 4560 1937
1164 847 1584 1094 2543 1584 356
1164 4529 1189 4529 973 2406 3813
1164 253 3691 299 2805
1164 3086 1129
1164 3086 4529 4529 4529 4529 127 7
1164 1750 118
1175 2117 999 2772
1175 3238 2772
1175 1052 2775 579 2966
1175 2398 995
1175 80 4324 889 2775 2609 995
1175 616 804
1175 1321 4244
1175 1315 474 889 160 127 2117
1175 3542 2398 2842 3577
1175 3238 993 2398 3828 14 17 15 16 20 21 19 18 31 30 90 23 22 32 24 25 27 28 29
1188 1417 4683
1188 656 3185
1196 2713
1196 1026 4525
1197 152 79 74 4309 4320 827 1152 1008
1197 1083 665 74 104 78 2419 755
1197 53
1210 1596 93 1156 4309 116 3876 1805 4276 2379 3292 155 2276 4320 3876 62 4309
1210 683 1023 4637
1210 3056 60 74
1210 1106 987 2810 567
1210 3484 4637 3250 4661 261 305 3056
1210 2719 1138
1210 53 1814 4024 2379 2713 4637
1210 60 1967 3025 3056
1210 2810 3691
1210 3292 2810 2511
1210 2760 3056 2558 3250 2759
1232 774 1035 946 1934 4138 116 1085 4752 113 94 304 113 373 3484
1232 2770 2436 2712 113 3484 1664 2957 150 2713 4563 2770 402
1232 2606 165 3484 2957 2770 1017
1232 1085 288 3250 2770 1748 271 149
1232 2810 2423 3633 934 3297 122 2712 3484 2770 3351 1813 273
1232 113 373 2713 4563 2957 2770
1232 74 310 272 348 1704 3297 305 2957 2770 1855 274 277 3113 2470 3184 2957 149 1740 3883 2602 4563
1232 3484 275 274 4735 752 4024 56
1232 63 64 68 67 66 69 70 303 71 72 77 669
1232 592 1662 3297 113 3883 149 1662 78 4733 4872 3219
1232 1353 94 760 2744 1664 3262 113 155 3218 149
1232 4733 2770 2957 149 3883 873 2713
1232 4320 4320 2623 4309 866 2770 385 4338
1232 2470 546 1441 4647 113 2593 1043 2713 149 4002 631 150 2568 1341 116 2409
1232 2470 3180 2713 3332 276 2744 391 2957 149
1232 309 3853 151 2606 1083 113 3484 58 873
1232 3876 2957 2770 3484
1232 666 2770 2713 149 1102 2770 2957 3883 3218
1232 770 1813 111 1057 4002 2957 93 4867
1240 2614 1193
1240 1458 1162 144 144 249
1240 1193 1226 2444 3668 606 1108
1240 1193 713 652
1240 567 1226 1015 230
1240 249 144 4321
1240 261 717 405
1240 1289 713 1193 1810
1240 144 1123 1123 3923 4304 144 4321
1240 1108 3117 1193 1289 405
1242 1765 94
1242 1341 74 2419
1242 750 750 74 1748
1242 750 1628 74 2498 3477 382
1242 1156 1512 2419 713
1242 2507 2419 74
1242 628 1512 2419 3691 713
1242 1628 2419 3691
1242 4563 4747 750 4359 1512
1242 2419 3170 628 74
1242 2419
1242 2230 750 4002 2419 1761 1563
1242 2230 1740 3477 713
1242 1628 1921 1512
1242 814 2452 2419 74 2418 1409 382
1242 1740 628 3587 3428
1248 1241 1153 144 3484 827 2052 827 144 877 138 305 1057 74
1248 569 4059 2799 827 74 144 865
1248 94 1016 601 3484 3148 827 827 3025 74 4764 2713 2770 679
1254 2749 1346
1254 2749 1346 2749 677 1987 510 518 2749 422 2749
1254 677 2749 3015 2893 2749
1254 3015 3015 1346 3015 2749 1346 1346 3015 3015 3015 1346 3015 3015 3015 2776 3015 2249 3015 3214 3015
1254 2749 2320 2749 3864 3015 2749 3864 828 1700
1254 607 677 2749 677 845 510 452 3614 3503 3087 3614 510 677 2320 3116 3634 2520 3015
1254 3015 2749 3015 2749 3015 3214
1254 3015 3015 3634 3214 3015 3015 2749 3864 3015 3015 2749 3864 1346 3015 2749 3015 3015 2749 3864 3015 3015 2749 3864 1346 3864 2893 3015 3015 828 1700 3015 3015 3214 3015
1254 3015 2749 3015 2749 3864 3864 3015 3015 3864 3015 2749 2320 3015 2749 2520 3015 2072 3015 3015
1254 2749 1346 2749 3634 3015 2749 2749 2785 2893 3015
1254 449 564 2317 4518 518 510 3015 2749 3015 2749 828 3015
1254 3015 677 1987 670 656
1254 3634
1254 3015 2520 3214 3015 3015 3015 3015 3015 3015 2749 3015 3015 3015 3015
1254 3015 2749 3864 3864 3015 3015 2749 3945 3015 3015 422 3015 2749 3015
1254 2320 3015 3015 2749 1346 3864 3015 2749 4049 3015 3015 2749 1346 3015 2749 3015 2749 3015 3015 3015 2934 3015
1254 3015 2749 677
1254 2749 1346
1254 2749 3015 2749 3015 3015 421
1254 1338 130 1338 1337 244 136 249 677 3015 3015 2749 3864 1700 3015 3015 2749 3864 1346 1346 3015 3015 2749 3015 3015 2749 3015 3214 3015 3015 3015 3015
1254 3015 3015 2749 3864 3864 3015 3015 2749 3864 3622 3015 3015 2749 3864 3015 3864 3864 3015 3015 3015 1346 3015 3015 3694 3015 3015 3015 3634 3214 3015
1254 3015 2749 3864 3864 3015 2749 3864 3864 3015 2749 2749 3015 2749 3864 1346 3015 3015 2749 1346 3864 3864 828 3015
1254 2749
1254 2749 3864 1346 2749 3015 2749 1346 2749 3864 2749
1254 3015 2749 3945 2320 3015 2749 3864 2749 3015 2749 3864 3015 2749 2749 828 1700 2249
1288 328 1898 373 170 1904 3633 328
1288 328 146 1439 120
1288 322 328 1679 328
1288 328 1729 328 1679 3461 114 2593 666
1288 2024 120 4319 328 120
1288 96 328 99 328 1679
1288 631 328 328
1303 1636 3926 750
1303 157 58
1303 94 99
1303 2936
1303 465 1765 56
1303 750 669 498 342 2024 2625 4320
1303 750 3633 465
1303 750 785 752 94 157 1176
1303 249 144
1303 1051 948
1322 74 2145 74 1204 147 3297 2456 2483 3350 2679 2747 79 1088 1948 269 755 1044 776 2678 79 3645 3869 464 2980 3656 156 3764 3948 1041 2266 2625 1100 134 955 2606 979 2678 1045 79 679 3435 82 1957 165 137 2769 679 3779 3648 1444 85 3775 164 55 2712 2766 1112 3435 53 167 4131 3962 1808 4302 4303 4301 4252 85 137 3681 2769 1809 4255 4299 4268 2678 2084
1322 650 60 1257 82 2699 167 1282 3962 603
1322 249 144 2678
1322 3170 1282 1921 546 330 3034
1322 1816 2866 2678 1620 1055 945 1062
1322 1188 2315 3365 151 2678 872 570
1322 2446 144 2668 830 1581 3232 1644 1663 723 929 442 1660 1660 1446 4871 4667 686 697 704 687 688 1446 726 712 729 725 4239 1608 1606 3227 1040 1610 1605 1601 1056 1626 1603 4238 2451 673 728 1609 1040 726
1322 2446 2678 4647 66 4565 1122 2315 151 3582 1055
1322 3431 2338 3431 3857 2379 2742 1174 261 1842 570
1322 2678 2446 1055 2805 2678 1122 2434 1055 104 56 174 78 888 2686 99 569 269 955 181 696
1322 2452 3482 710 1401 4217 1055 2678 2446 2678 570 3962 3013 372
1322 1083 3572 978
1322 943 1213 1035 823 3572 1099 1439 2083
1322 2446 1055 74 93 3962 2678
1322 4747 93 169 755 338 387 390 1188 1072 2174 1192 578 1014
1322 2678 2678 1945 2678 2678 2581 2678 2678 392 3572 955 771 2606 946 2678 2174 2569 1620 2678 2678 3691 1954 1027 2080 778 1461 2473 1432 3071 668 2475 668 3217 2678 2678 4379 1083 827 2678
1322 1432 2678 924 144 1153 1789 451 450 2180 452 3614 1640 3503 2065 3805 846 657 3031 658 3874 4012 3955 1001 499 484 1001 445 478 477 1703 449 564 4497 448 820 3952 3954 2257 433 745 2804 433 3348 454 3135 431 471 467 2366 4119
1322 144 1083 775 1055 2446 888
1330 3718 3718 3718 3718
1330 3718
1330 4
1330 3718 281 504
1339 1155 1221
1339 677 1221 1221 1155
1339 1661
1342 2922 2922 2922 2922 2922 2922 2922
1342 2922 2175 2175 2175 2922 2922 2175 2922 2922
1342 2922 2922
1342 1580 2922 2175 2922 2175 2922 2175 2922 2922 2175 2922
1342 2175 2922 2922
1342 2922 2922 2922 2922
1342 2922 2922 2175 2922 2922 2175 2922 2224 2922 2175
1342 2922
1342 173 677
1342 189 2922 2175
1342 2922 2175 3984
1342 2922 2175
1344 1376 249
1344 110 1376
1344 1376 249
1344 1222 249
1345 1478 1478 1478 3046 159 1444 182 159 4328 4261 861 82 154 60
1345 1478 1478
1345 440 1478
1345 1478 1478
1345 1478 1478
1345 1478 1153
1345 1478 1478
1345 1478
1345 1478 1478
1345 2993 1987 2526 1009 2526
1345 4263
1345 1478 1478 1478 1478
1348 4424 545
1348 821
1348 1153 1201
1353 1545 3997 507 1413 1220 1642 1492 1220 1858 1642 4084 1497
1353 4692
1353 1577 1335 3997 1545 1209 2114 2217 1413 1953 1645 3209 1162 3209 1162 3511 1162 3584
1353 4067 2450 1293
1353 496 2097 1256
1353 1311 2832 2218 2599 1293 4692 249 653 1791 653 47 2842 953 110 47 2842 1989 1989 249 2842 3788
1353 1577 1335 2196 1884 1981
1353 1293 4692
1369 1256 2631 1219 913
1369 1418 913 1433 913 2046 2114 2218 1270
1369 915 1262 915 913 914 1647 1418 1577 1335 1296 2447 1418 1741
1369 3660 1428 2097 1519 1655
1369 1418 2167 2675 1237 2439
1369 2335
1371 2806 2808
1371 2527 4406
1371 2527 1123 1458
1374 3093 1788 3093 2634 952 33
1374 3093 3093 2481 118
1374 249 1162
1374 3093
1374 3093 2942 3093
1374 3093 1097 3093 3093 871
1374 3093
1374 3093 2634
1374 3346 3093 2176 94
1374 3093 3093 796 3093 3093 4664 261 1636 370 565 94
1374 1181 3093 3093
1374 3093 784 3093 2942 263 1130 1129 977
1374 4664 3093 3093 3093 3093 2938 3093 669
1374 900 3093 3093 3093 1130 3093 1138 2481 33
1374 3093 847 3093 3093 1706 468
1374 2304 608 752 4340 2699
1374 3093 7 3093
1374 847 3093 3093 221 3093 3093 333 3093 6 967
1395 1251 357 888 546 145 239
1395 752 4870 3481
1395 3056 324 74 2238 324
1395 1106 172
1395 1675 2768 752 324 2238 379
1395 546 84 2238 3305 546 324
1395 299 2238 565 1321 1006 3045 2582 235 224
1400 1426 932
1400 876
1400 1113 876 763 876
1400 932 763 876 932 1426 876 763
1400 876 1189 876
1400 244 3766 1189 883 876
1400 249 876 876
1400 554 428 554
1400 1123 249 932 876 554
1412 2163 631
1412 1003 721 766 2163 2298 1819
1412 4101
1416 60 144
1416 670 1987 1153 670
1416 656 4424
1416 670 4549 1240
1457 2601 761 766 721 1506 292 2662
1465 2583 397 261 167 2583 391 376 1954
1465 74 3395 144
1465 2583 1954
1465 2583 1075 873 3691 53 1954
1481 2358 769
1481 1582 2358
1481 1582 1536 1535
1481 2339 2339
1496 4018 4018 4018 4018 1700 1700 1700 4018 2639 2638
1496 4018 4018 4018
1496 4018 4018 4018
1496 4018 2909 677 510 564 846 1397 452 3614 1121 559 494 2735 3874 3348 658 3037 1109 1019 440 1468 2094 429 510 677 4018 1408 1638
1496 4018 4018 1346 4018
1496 1640 881 743 768 3031 452 2310 2310 440 2094 1468 2094 510 677 2778 4018 984 418 538 4018 3830 2235
1496 3945 2474
1496 4018 984 4018 3622 1346 426 427
1496 4018 4730 4018 4018 984
1496 427
1504 354 73 679 4309 62 116 4264 3250 2121 4368 1297 65 70 69 68 67 66 54 58 1805 104 2483 83 174 4272 4128 4272 1341 77 78 79 4259 4275 86 80 62 113 105 4313 60
1504 641 2831
1504 532 1511
1504 2806 2808 1191
1505 2034 55
1505 79
1510 4306 79 406 405 1002 2386
1510 359 2500 2557 292
1510 192
1517 1022 1795
1517 3162
1517 455 3900 3162 1618 3900 1868
1535 2062 2062 1992 249 144 1969 4101 2304 752 4637 3365 376 2623 621 56 2768 611 2699 3926 4647 603 58 2558 144 1123 1992
1535 2062 2457 2062 2457 2542 1992 1163 510
1535 2457 2062 2542 2457
1535 1837 2457 2422 2457 2062 2542 2062 4711
1537 2029 1099
1537 4476 4697
1537 3586 306
1537 1382 253 1099
1539 94 1400
1539 2805 1400 651 1400
1539 1102 305
1539 2957 651 2911 1908 348
1539 1400 651
1539 2516
1539 137 1400 74 782 253 2230 2839
1559 818 2054
1559 1136 2172 1189 1046 1549 903
1559 2562 3766 527 267
1559 1076 2543
1565 4546 4546 4546 2453 4546
1565 4546 1743
1565 4546
1565 4546 520 4546 4546
1565 4546 4546 285 4546 4546
1565 4546 4546 855 4546
1572 1606 725 1612 1039 729 712 1625 1603 1056 1601
1572 1643 335 2160
1598 54
1601 144 249
1601 249 249 292 368 1439
1601 3431
1615 3115 4593
1615 3115 4593 2903
1640 4474 1887 1887 1887 1780 1780
1640 1887 4415
1640 356 356 3288 356 1887 1780 738
1640 3288 853 414
1640 1780
1640 3288 1887
1640 1887 1780 1780
1640 3288 3288 356 1887
1640 1887 1887 533 1887 3347 1887 534
1640 1887 3347
1647 902 1372 776 170 2008 1156 2434 775 473 1547
1647 2434 570 3297
1653 987 1251 3292 708 705
1653 626 1131 3925
1653 1930 371 1681 4011
1653 405 1289 2436 1502 1174 1131 1852 3803
1653 1131 3925 330 3587 2436
1653 3286 4011 1251 2379
1653 1240 4579 144 3286 3925
1653 1930 1852
1653 1251 1852 602 1930
1653 66 67 68 69 70 65
1653 822 752 304 295 1930
1653 354 82
1653 1131
1653 1502 379
1653 1251
1653 1930 1930
1653 3129 3444
1653 144 4321 2436
1655 934 1861 3876 586 848 74 253 3270 825 969 3876 1204 4095 1075 628 3180 3876 591 1204 3362 727 2407
1655 3270 586 405 3270 3876 825 1814 608 713 3876 3180 1075 628 988
1655 121 969 3270 3270 74 3270 934 3270 406 405 3876 2609 74 1017 2470 144 1017
1655 368 367 144
1655 2230 2272 760 3876 53 3876 586 1204 2230 2273 74 1152 3180 848 3056 3876 1017 2500 1017
1655 969 3270 1662 1396 74 4625 1075 628 3180 3362
1655 3270 86 3180 74 3180 628 3180
1655 74 406 405 2500 603 924 924 2470 385 2040 1204 628 74
1655 3155 3270 586 3270 3270 3270 3180 848 760 1017 1204
1655 385 385 2409 3876 385 603 385 74 385 2976 1814 825 2759 628 2500 405
1655 1154 960 155 586 385 3876 848 3399
1655 1075 4864 4863
1655 74 3270 586 3180 3876 3270 1204 385 58 3180 969 825
1655 144 3180 385 74 385 603 405 406 385 1075 628
1655 144 3270 3876 3056 354 3270 1514 3876 3399 1204 3270 848 3180 825 3876 74 1017 3362 778 3876 1017 943 3399
1656 677
1656 2650 62 4274 138 2449 174 2650 4278 4277 1207 164 4320 155 888 53 375 861 4338 164 2747
1692 1404 1487 807
1692 1487 807
1692 1404 3761
1692 2170 1487
1692 1487 807 1487 1487 807 1487 1487 1487 807 807 1487 3868
1692 1404 3761
1692 1404 807 1404 807
1692 3761 807 1487 1487 807 807 1487
1692 1487 807 1487 2435 1487 807 950 807 1487
1692 1404 807
1707 821 1162
1707 821 1162 1162 821
1707 821
1707 1162 821
1711 4625 2135 775 3691 3691 4625 2008
1711 3250 1051 940 983
1711 3115 2581 3115 3115 3115 940 2008 872
1711 3115 2698 2032 3115
1711 299 983 4625 299 3025
1711 727 3115 3115 3115 650
1711 299 2569 899 1156
1711 3115 3115 1954 3115 1188 1620 3115 2698 983
1711 3115 120 3115 3115 3115 2569 983
1721 3050 3050
1721 713 56 3853 1085
1721 3853 359 4350 60 56 2744 720
1721 1895 2862 1895 3584 3209
1721 3209 1162
1721 56
1721 757 56 2800
1729 2101 901
1729 2101 901
1729 1986 2101
1745 2444 4227 2226 4227 371 2150
1745 930 3262 3090 170 1164 920 930 465
1745 708 3477 680
1745 987 2910 814 2983 4794 608 1242 2936 1114 304
1745 145 230 2297 3090
1745 1575 3090 3056
1745 2150 1117 4227 3090 785 4227 3853
1745 317 2957 1242 4227 4661 456
1745 274 4359
1745 2034 2768 4794 3477 94 2969 83
1745 1954 948
1745 910 74
1745 1928 3155 4164
1745 1939 2498
1745 2419 2814 1705 3853 1506
1745 4227 3314 4227 1398 4138
1745 3477 4227 780 2983
1745 987 1905 359 1117
1745 1905 2810 987 2500 3090 4337 3155 987 1058 3477 924 95 3090
1748 2057 1055 329 2468 899 778
1748 145 602 1051 3691 1259
1748 371
1748 1055 2057 1055 2452 2555 727
1754 181 757 3880 3090 3695 1833 3883 3025 1954 53 3883 586 1045 66 4409 325 120 3883 4340 4131 2483 3691 53 1637 3435 85 1954 3883 3691 1954 3883 2007 3598 4752 3883 53 372
1754 53 53 4340 77 72 3090 2464 287 2686 546 3883 3695 144 3883 144 3115 1083 53 144 3021 1813 546 1954 113 53 2332 3883 3811 1954 3691 1765 3460 567 888 2176 3883
1754 1814 1289 405 406 720 4409 3883 2587 3695 1833 2587 3115 2903 1679 3948 1059 1041 53 1809 826 3872 376 1141 3148 3872 1141 376 165 3428 182 4409 4409 1954 3883 586 1806 4863 93 3691 4867 4870 4866 4869 4868 4865 4864 606 1147 53 2449 2769 2593 970 2040 2040
1754 2230 3090 750 2144 1154 3883 3656 782 377 3695 940 3691 3170 4040 3354 988 3883 3691 3883 3883 2086 385 112 927 1954 3883 586 402 4324 1502 1490 1251 2957 3692 3883 2623 2516 393 370 3598 4213 4409 3883 546 1043 2086 4733 4002 1026 385 2713 138 4002 1207 1855
1754 3883 53 2712 3775 84 3883 156 682 276 354 870 470 698 1899 731 2587 2057 295 4175 151 3365 2531 968 1098 2759 917 933 4420 3883 3695 1215 800 4740 1679 3305 1041 3883 156 79 3428 2760 2623 4409 86 3351 87 86 1008 4409 55 293 3883 71 1100 378 342 546 3883 53 320 1954 3122 3115 567 1679 4723 2803 978 978 3922 667 3880 319 3645 1401
1754 3691 1954 3692 2957 3883 3691 269 1907 3883 2770 182 113 567 3883
1764 510 1182
1764 1241 3228 938
1764 1241 938
1764 4187 286
1764 440 2727 510
1764 1241 3228 1241
1771 1162 4424 1713 4424 1162
1771 249 953
1771 938 4424 2589 3253 4424 938 3195
1771 249 953
1772 54
1772 54 1444 54 54
1772 54 1956 2803 54 87
1774 1501 1823 1501 1823
1774 2527 2806 2808
1774 2806 2808 2806 2808 1868 2806 2808 1510 2820 2808 2806
1774 1501 1823
1774 1501 1823 2806 2808 1501 1823 2806 2808 2806 2808 2806 1868 2806 2808
1774 1501 1823 2806 2808 1501 1823 2806 2808 2806 2808 2806 2808 2806 2808
1774 2806 2808 1823 2808 2806 2808 2806
1774 2806 2808 2806 2808
1774 2806 2808 1823 2806 2808 2806 2808
1784 4027 4027 4027 4027 4027 4027 4027 4027 4027 4027 641 4027 1656
1784 1830
1784 4027 1018 4027 4027 4027 4027 4027 4027 4027 4027 4027 4027 4027 4027 4027 4027 4027 3279 4027 4027 4027 4027 4027 4027 4027 4027 4027 1656 4027 4027
1784 4027 4027 4027 4027 4027 4027 4027 4027 1773 4027 2399 4027 4027 4027 1162 1458 3001
1784 395 55 55
1784 4027 4027 4027 4027 4027 1022 1022 4027 4027 4027 4027 4027 4027 4027 4027 4027 4027 4027 4027 4027 1868 4027 4027 4027 4027
1787 2967 3803 713 2498 2187 496 1336
1787 983 2968 3113
1787 2434 885 924 405 470 2444 73 814 1341 2013 79 81 2766 111 934 3633 3926 135 1075 74 2967 3803 2967 1329 2583 2521 3691 2501 1289 405 359
1787 771 2501 983 2501 630
1787 3633 1179 172 1294 2501 1204 4719 1599 630 2967 2174 2568 3633 2744
1787 2501 4011
1787 1293 1321 144 983 3113 2967 2967 983 630
1787 370 2967 925 983 630 2570 76 983 144
1787 3691 2967 3113 983 74 1204 3926 3633 1152 354 3691 1954 1045 378 1035 387 74 354 2501 713 546 4823 4826 1511 532 531 4641
1787 3803 2967 2007 4138 1188 387 2008 983 2434 885 1075 135 3926 74 983 2967 395 814 74 2369 934 228 983 3113 62 61 116 309 280 301 310 630 2434 885 2805 713 3924 359 3803 2967 710 2321 279 84 293 546 277 276 275 274 288 303 3633 59 273 1057 272 1045 271 405 1002 1289 1761
1787 3270 2501 2238 2434 2805 983 144 2501 1294 2583 630 2967 934 3633 1356
1787 2434 885 1095 927 2501 983 231 229 2501 885 2434 292 2967 2967 567
1787 377 2967 924
1787 2967 2434 885 2805 1051 2967 983 2434 3803 2967 74 811 3477 1179 2967 3113 4241 4290 4223 4221 3220 4227 268 1083 2839 3926 79 4252 4315 157 2983 2558 1561 74 1204 4295 79 4259 4267 81 4313 2967 983 2967 261 4303 4254 4267 4254 4267
1787 630 4227 2839 268 2967 983 2010 3633 758 2967
1787 927 96 97 93 2967 387 388 2434 924 3113 983 2583 983 969 2013 567 1861 470 2434 924 2967 4128 83 74 4227 268 1083 3572 4185 2839 765 2976 924 2967 3803 1058 1398 1082 2204 630 2967
1787 2967 1507 1761 1289 405 2444 3369 3113 983 2793 567 1761 924 2501 1188 2501 1193 2967
1787 2174 1259 2967 3803 231 3493 2570 4697 924 145 3926 3633 3772 145 924 2793 2501 2501 1085 2967 581 2007 287 2103 2868 2736 3633
1787 2967 2968 3803 713 3633 2805 388 2810 157
1818 2484 371
1818 1014 2557
1818 943 2208 3180 1889 3388 229
1818 1259 405 66 382
1818 2839 1341 2809 1085 664 2809
1818 664 1115
1818 382 2186 2809 750 2809 135 1095 92 135
1818 2809 2189
1818 406 405 665 1057 2809 2809
1830 656 3097 938 677 3046
1830 256 1815 258 3062
1830 2038 923
1835 3267 3267 3267 3267 3267 3267
1835 4009 2101
1835 3101 3101 3267 3267 474 3267
1835 3267 3267 3267 3267 3267 3267 3101 3267 3267 3267 2101 3267 3267
1835 3267 3267 3267
1835 3267
1835 3267 3267 3267 3267 3267 3267 3267 3267 3267 3267 3267 3267 3267 2047 1013
1835 3584 3267 3267 3267 3267 3267 3427 2101
1835 3267 3267 3267 3267 3267 3267 3267 3267 3267 3267 3267 3267 3267 3267 3267 3267 2101
1835 3267 3267 3267 3267 3267 3267 3267 3267 3267 3267 3267 3267 3267 3267 3267
1835 3267 3267 3267 3267 3267 3101 3267 3267 3267 2101
1835 3267 3267 3267 3267 3267 3267 3267 2120 3267 3267 3267 3267 3267 3267 3267 3267
1835 3267 3267 3267 3267 3267 3267 901 3267
1840 825
1840 376 53
1851 1123 189 830 249
1851 1123 1221 1885 1123
1851 1006 1123 1123 677 677 1123
1852 987 53 3435 2593 2650 591 3184 111 3426
1852 2758
1857 1925 1650
1857 1547 1415 1921
1857 359 1875 3102 1682 698 2020 522
1857 359
1857 2652 1922
1857 1682 2428
1857 2020 3715 1922 3715
1857 811 2652
1870 1890
1870 440 1019 1109 3386
1889 144 946 3626 2686 203 2969 354 74 4353
1889 2867 2534 469
1889 151 652
1889 2324 2315
1889 2936 816
1889 591 2013 1154 62 2449
1889 775 1729 615 144 249
1889 2534 122 2083 304 66 93 4864
1900 2014 379 1732
1900 4247
1900 3582 1732
1900 1732
1900 1356 570 405 2014
1922 1006
1938 3294 149
1938 2936 1356 669 149
1938 2498 615
1938 771 1826 713 2498 2419
1938 1115 462 760 157
1938 1547 771 1115
1938 1101 811 3102 2498
1939 2939 938
1939 1708 1708 2734 1975
1939 1205 1893
1939 545 2939 4757 2740
1939 1247 1708 423 424 422 828 1700
1939 510 510 938
1939 1708 1247
1939 2734 938 510 452 1397 451 657 457 1267 2735 453 2065 1139 658 564 518 561 658 657 3031 1171 514 501 2961 2727 3784 499 485 483 480 445 3955
1939 1708 1893
1939 1616 2445
1939 938 1240 1162 3209 3584 1162 3511 3584 1162 3508 3467
1939 1587
1941 418 677
1941 2778 422 2886 2072 3464
1941 425 423 3533 3533 214 212 362 363 361 212 360
1945 2184 2184
1945 2184 2184 2184 2184
1945 2184 2184
1945 2184
1952 4144 4144 4144 4144 4144 4144 4144 4144
1952 4144
1952 4144 4144 4144 341
1952 4144 4144
1952 4144 4144 4144 4144
1952 4144 4144 4417 2121 4417 378 4417 1908 4417 384 74 1908 2121 3926 4620 405 4417
1952 1753
1957 1581 547 547
1957 4424 839
1957 1581 1123 1123 1581
1957 1581 677
1957 3253 895 1646
1957 1536 2358 1536
1960 893 4227 3157 465
1960 633 4227 274 275 276 150 669 149 381
1960 150 405 1085 144 1321 2138
1960 462 1251 2379 465 1154 149 861 750
1960 465 4227
1960 2138 1321 144 3157 150 4227 2436 1023 4420 149 1320 3219
1960 1023 3505 4637 272 3559 144
1960 150 4227 301 1686 2911 1152 811 354 288 1908 271
1960 567 2379 3559 4227
1965 823 2760
1965 2759 261 2758
1965 3428 2024 60
1965 4870 4868 4863 4867
1991 821 1639 821 783 1162
2003 913 2193
2003 1343 2193 1390
2003 1343 1455
2003 2111 1578
2003 1707
2003 1209 1395
2003 1293 3555 1578 1198
2003 1284 2193
2003 1655 1455
2019 1367 1578 1367
2019 801 2447
2019 1367
2019 1891 1367 1578 1367 1340
2019 1891 801 2447 801
2019 801
2019 801 1367 1578 1340 1891
2019 1340
2019 1578 3997 1891 3997 4586
2034 3353 3353
2034 3353
2034 3353
2034 3353 3353
2059 3498 1522
2059 3112
2059 495 495
2059 1522 1090 2797
2089 4187 1431 1431 1789 3784 452 513 1789
2089 4773 743
2089 2106 1913
2089 1431 494 457 452
2089 4187 1431 1431 4187 457 3123 430 1431 1431 4187
2089 4187
2089 1431 4187 457 1431
2089 4187 457 3784 457 4187
2114 131 3443
2114 266 2719
2114 3443
2114 3443 1929
2127 359 3428 2760 376 82
2127 4786
2127 3217 3217 271
2127 2222 776 4740 473
2127 775 3263 3428 2623
2127 145 144 144 1057 755
2143 3801 3039 3801 3039
2143 3801 3039 3801 3039 3801 3039 3801 3039
2169 304
2169 628 1075
2169 934 3926 135
2169 79 3254
2176 4708 87
2176 144 1155 1163
2176 666 917 1017
2176 415 96 3034 4708 1041
2177 628
2177 621 1982 2187
2177 2949
2177 1871 4185 1934 4185
2214 4605
2214 4605
2214 4605 4605 4605
2223 871 131 4565 1101 2500 1861 4565 1861 310 970 3572 3926 54 4565 3053 1329 74 147 1120 2230 4357 1193 4565 1101 1444 99 1861 2273 1761 134 104 888 78 280 4221 288 274 275 277 276 279 4343 273 99 272 4241 271 1786 228 134 3470 59 54 2593 4223 121 104 1959 1120
2223 591 4565 2449 1954 2943 54 631 1179 145 4697 924 146 3393 1289 405 4565 405 1289 359 4565 2649 74 4565 1004 4357 4565 3399 4565 4565 74
2223 74 74 4565 945 3053 2810 1188 4565 74 55 4565 73 1566 2040 1120 1289 1003 405 406
2223 144 1085 172 1810 4565 3926 59 1666 888 4565 3926 134 54 55 4565 2500 3173 4565 2498 58 3926 3926 4357
2223 1193 3056 4565 1934 4357 1193 4357 2230 81 55 4237
2223 74 811 4565 74 1204 3399 739 809 3572 58 1959 104 2558 1372 4565 2423 74 147 4565 405 720 406 97 3053 3053
2223 2500 888 3912 4666 2008 679 74 4661 144 781 3053 303 71 72 64 63 70 69
2223 3061 131 3828 14 15 16 17 21 20 19 22 23 18 90 24 30 32 25 26 27 28 29 31 135 1075 827 3020 268 4227 888 4565 781 615 669 96 268 4227 1931 1075 135 405 4565 74 74 74 299 65 934 811 3560 99
2223 1035 74 4565 1204 74 888 55 679 145 781 4565 3056 58 4565 4237 55 1095 74 811 2438 4565 968 4237 55 4565 74
2223 3691 1954 679 54 2679 134 1164 4565 3200 74 4565 1761 2230 4357 1193 1810 3691 1213 74 378 4565 74 2407 134 679 1956 1957 2769 3250 57 1959 917
2223 4565 4565 74 1204 2511 3560 93 364 4565 2470 3633 74 54 814 74 378
2223 74 4357 1004 3691 4357 1131 888 3926 1810 517 679 1808 54 3461 59 2685 651 4565 74 4565 2007 3926 1164 1810 2500 73 1188 4565 4565 3926 679 74 4565
2223 498 3549 1204 4565 359 4357 4565 1154 3656 377 608 782 750 4040 370 3170 2144 4565 74 2470 172 74 3129 4565 1398 1152 55
2223 74 1204 131 131 249 249 532 4819 531 4829 4826 4825 4821 4823 1504 1511 4853 4854 4822 4820 4824 4827 4828 530 2049 3991 529 532 1511 1504 3061 74 74 4357 1761 3129 2810 781 4565 4565 3056 74
2223 359 1861 310 943 2533 3056 116 62 105 63 64 71 72 1204 983 3926 134 3254 781 2511 888 1120 1192 157
2223 74 3399 888 269 391 2464 2470 4565 1561 2558 4565 74 1289 405 1761 4565 4565 4864 93 1547 4565 988
2223 4565 934 3926 811 3926 2500 1902 2465 2150 3280 394 609 395 53 3682 1176 74 4565 3155 888 4565 4565 1043 74 2500 2272 4357 4565 4565 1561 2558
2223 97 4565 74 4565 145 924 1089 648 58 104 2768 144 2668 2666 938 1222 1186 36 43 44 2110 38 857 856 37 2314 39 587 4796 2425 1890 3784 481 499 485 480 483 486 501 3570 518 447 824 1241 4424 144 2483 54 104 74
2238 232 4778 55 79 1934 4666 4778 4056 2379 4778 546 326 4778 4778 546 293
2238 4778 4056 4778 4056 4778 758 145 4056 460 1062 4778 2501 470 4613 3142 4778
2238 4778 4778 146 4056 983 4056 3803 4778 4778 2500 1951 4778
2238 4778 387 4778 4778 620 2987 1089
2238 327 323 323 96
2238 4778 4778 4778 4056 4778 713 4778 927 326 146 1131
2238 4778 4056 4778
2244 4137 4137
2244 4137 4137 4137 4137 4137 4137 4137
2244 4137 4137 4137 4137 4137
2244 4137 4137 4137
2244 4137
2251 1063 3499 1063 3323 1063 3323 1063 3323 3323
2251 3323 2138 3557 1321 313 1214 1214 1214 789 906
2251 2138 249 110
2251 1063
2251 3323 1063 3323 1063 3323 3323 1063 3323
2251 1063 3323 1063 3323
2251 1063 3323 1063 3323 1063 3323
2251 1063 3323 1063 3323 3323 3004 3131 3323 3323
2251 1063 3323 3323 3131 3323 1063
2251 1063 3323 3131 1063 3323 1063 3323
2251 1063 3323 1064
2251 2138 3557 458
2251 1063 1063 3004 1063 3323 1063 3323
2251 1063 3323
2251 3323 4598 3323
2251 3323 1063 3323 1063 3323
2251 1063 3323
2251 127 1795
2253 892 495
2253 249
2253 1342 249 953
2253 3288 131
2260 4211 4211 2535 4211 4211 4211 4211 4211 1735 4619
2260 4211 2848 4211 4211 4211 1735 4211 4211 2848 4619 4211 4211 4211 4619 2848
2260 4211 4211 4211 1573 2535 4211 2848 4211
2260 4211 2848 4211 2848 4211 4211 1735
2260 4211 4211 4619 4211 4211 1746 1735 4211 4211 4211 4211
2260 4211 2848 4211 4211 1746 1735 4211 4211
2260 4211 4211 4211 4211 4211
2260 4211 2725 4619 4211 4211 4211 4211 4211 4211 4211 4619
2260 4211 2848 4211 4211 4211 2725 2740 4211 4211 1573 4211
2260 4211 4211 2740 4619 2848 4211 4211 4211 4211 2535 4757
2260 2848 1573 1573 4211 4619 1573 2740 3241 3178
2260 1573 2535 4211 1414 4619 2848 4211 2551 2848
2260 2535 4211
2260 4211 4211 4211 2848 1573 4211 1573 4211 4619 4211 4619 4211 4211 4757 2740 4211 4619 1573 4211 1735 1746 2725 4619 3241 2725
2260 4211 2848 4211 4211 1414 4211 2740 4757 4211 2535 4211 2740
2260 1746 4211
2260 4757 2740 4211 4619 2848 1573 4211 4211 1746 4619 1573 4211
2260 4211 4211
2272 656 1241
2272 1241 656
2272 2282 2282
2272 1824 812
2272 3005 547
2274 2753
2274 1444 3030 2753
2274 2753 3030 79
2275 4593 2903 3115 2903 2203 2202 4002 3115 280 303 70 66 69 67 68 65 294 293 324 323 325 84 322 71 72 4593 74 147 2145 75 4671 811 1566 4593 2903 1059 1596 93 4593 3115 4593 3115 74 4138 4593 4593 2203
2275 2010 4593 155 3582 3572 89 3582 3572 1721 4593
2275 2780 1052
2275 354 74
2275 917 2531 3115 4593 1786 4593 4593 4593 4593 309 3388 1059 4593 74
2275 870 4593
2275 74 2154 1333 1083 73 74 3426 2010 2687 1152 354 1566 1154 592 2533 3056 1908 1213 1059 1439 1679 2531
2275 4593 3115
2275 74 755
2275 73 74
2275 1152 3399 2684 1204
2275 4394 3926 4787 74
2281 3696 3608 3696 3608 3696 3848 3696 3696
2281 3696 3696
2281 3608 3696 3848 3696
2285 734 909 1644 909 2539 1332 1000 1783 1000 1332 1000 2140 1332 1000
2285 1000 1332
2285 1332 1783
2285 1332 1000
2301 2494 2494 2494 2494
2301 2494 2494
2301 658
2301 2311 2494
2301 2494 2494
2301 2494 2494
2317 1791 3005
2317 4149 4149
2323 4433 4433
2323 4433 4433 4433
2323 4433 4433 4433
2323 4433
2323 4433 4433
2323 4433 4433
2323 4433 4433 4433 1972
2323 4433 4433
2323 4433 4433 4433
2323 4433 4433
2326 3373
2326 170 3633 4794 1904 3633 4794 170
2326 2768 172 1904 3633
2326 3633 2679
2346 4205 4205
2346 4205 4130 4205
2346 1880 4205 4130 4205
2346 152 1934 770 157 60
2346 4205 4205
2346 4205 4205
2346 3467
2354 2027 2027 2027
2354 2027 2495
2354 2027 2027 2027
2354 2027 2027
2355 2139 982
2355 1591 982
2355 982 1591
2355 1591 982 1591 2616 1591
2355 1591 1591 982 982 982
2355 1591 982
2355 1591 982 2064 510
2355 1591 982 1591 982
2355 1591
2355 982 1591 982 1591 982
2372 830 189
2386 791 699 854 2927 2375 127 2637
2389 131
2389 2262 1943 1943 1943 131 2342 1844 532 529 4824 1511 531 1504 4823 1943 2275 2654
2389 4415 437 1943 1943 131 1943 599
2389 334 161 1943 1943 2342 2275 1011 416 1943
2410 3108 2365 3108 2365 4759 249
2410 2365 3108 3108
2410 249 4424
2410 892 1777
2410 3108 3108
2415 2543 2172
2415 1866 1706
2415 1689
2415 1046 802
2415 3788 1163 1006
2415 249 1123
2415 610 1689
2415 249 1842 144 1123 510 2310 440 2310 510 1689
2429 2304 2304
2429 579
2429 2304 683 4340 3056 574
2472 1581 677 1711 938
2472 1581 173 173 1581
2476 2828
2476 1873 440
2476 824 510 3806 1221 2828 788 2828
2476 2753 783 1221 2828
2476 677
2476 1123 1221 2828 2828 1221
2476 2828 787 1221 1885
2481 1221 1123 205 1123 1221
2501 571 434 4543 1160 2110 40 44 38 857 43 806 1153
2507 1279 1279 656 3485 1376 4442 1283 1305
2520 2017 2715 4771 2715
2520 2017 2715 2100 2715 3647 4771
2520 996 3647
2520 1452 689 690 703 2705 1663 929
2520 442 1634 711
2520 1635 711 1660 723 1446
2520 2105
2542 4187 564 1241
2559 1581 1731
2559 2370 4512 1355 677
2587 3909 3909 3909 3569 3909 409 3909 3909 3909
2587 3909 3569 3909 3569 3909
2587 3909 3953 3909 3569 3569 3909 3909 3953
2587 3909 3909 3569 3909
2587 3909 3569 3909 3569 3909 3909
2587 4143 3909 3569 3909 3569 3953 3909 3569
2587 3569 3909 3909 3569 3909 3569 3909 3909 3569
2595 249 2842
2595 1052
2595 47 3349 1717 2465
2609 1398 299 1934 4340 1321 173
2609 219 42
2609 1130 313 118
2609 403 1013 1321 3555 830 337
2611 173 677 821 821 677 173
2611 677 173
2611 173 1162 1162 249 131 130 249 173
2611 173 656 852 259 201 251 252 2517 3611 254 1725 2519 255 1724 1815 256 260 1042 2514 1447 1033 670 677 173
2611 2326 173 677 821 821 173
2611 2326 3585
2611 173 2033 3360 3359 2033
2611 173 677 821 189 173 173 677 783 3599 39 783 677 173
2611 173 821 552 821 189 173
2647 2789 2789 3979 2789 2789
2647 3979 3979
2647 3979 3902 3979 3979 3979
2647 3555 3555 4043 3979 3979 4217 2810 3979 4217 3979 3804 3902
2647 3979 3979 3979
2647 3979 3902 3979
2647 3979 3979 3979 2789 3979 2789 2302 3201 3979 3902 3979
2647 4425 397 3979
2647 3979 2789 3902 3979 3979 3979 3979 3979 2789 3979 3979 4217 3902
2648 677
2648 1638 1638
2648 3476 677 984 189 189 1987 677
2657 3237 1119
2657 3957 4628
2657 1119 2706
2657 3237 4627 4628
2666 4701 4701 4701
2666 4701 4701 4701 4701 4701 4701 4701
2666 4701 4701
2666 510 1123 1025
2666 4701 4701 4701
2666 4701 4701 510
2671 2269 1676
2671 332 2269 2269 332 2269 2269
2671 337
2671 2269 2269 2269 2269 2269
2682 3341 3341
2682 3341 3341
2682 3341
2682 3341 3341
2682 3341 3341
2685 2682 2682
2685 2682 2682 2682
2685 2682 2682 2682 2682 2682 2682 2682
2685 2682 2682 1203 734 909 764 840 1203 1926 3438 840
2685 2682 2682 2682 2682 2682
2693 4424 677 1221 1221 677
2693 4424 677 677 4424 3519
2693 4424 2350
2693 3519 3519 3519 3519 3519 3519 2589 734 895
2693 3519 3519 3519 3519 3519 3519 3519
2693 3519 3519 3519 3519 3519 3519 3519
2693 3519 4424 677 830 677 4424 3519
2697 4721 4722 4721 4721 4722 4721 4722 4722 4721 4722 4722 4722
2697 4721 4722 4722 4721 4722 4721 4722 4721 4722 1754
2697 4722 4722 4721 4722 4721 4722 4722 4721 4722 4722 4721 4722 656 3485 1581
2697 4722 4721 4722 4721 4722 4722 4721 4722
2697 656 4722 4722 4722 4722 4721 4722 4722 4722
2697 4722 4722 4721 4722 4721 4722 4721 4721 4722 4722 4722
2697 4721 4722 4721 4722 4721 4722 4721 4722 4721 4722 4722 4722 4722
2697 4722 4721 4722 4721 4722 4721 4722 4721 4722 4721 4722 4722 4722
2697 4722 4722 4722 4722 4722 4722 4722 4722 4722 4722 4722
2701 4197 677 830 4197
2701 1162 677
2701 4197
2701 4197 783 783 4197
2701 2934 4197
2701 4780
2709 1123 1240
2709 807 43 36 197 1186 108 39 46 675 37 44 38 856 196 1007 585 2067 783
2709 1005 3923 3873 4240
2709 3049 657 3049 3049 3806 3005 812
2722 3933 3588
2722 3588 3933 2281
2722 3027 2281
2722 3027
2722 3588 3027 2281
2722 1221 4424 4424 1221
2730 938 1177 1177
2746 2434 1882
2746 377 669 122 3461
2746 2434
2746 778 3263 379 669 2434 144 144 2438
2751 4625 2968
2751 4034
2751 305
2751 2968
2751 3872 384
2751 1176 4764
2751 182 91
2763 573 649
2763 2023 573
2763 2381 317 2136 4225 1493
2766 1163 510 510 656 656 1163
2766 510 452 452 510 1163
2766 4187 1241
2766 1163 510
2766 452 510
2766 1163 1241 1241 1163
2769 2455 3263 2805 2455 2455 2805 2083 2238
2769 927 2455 405 2455 384
2769 945 2455 2805 1126
2769 1146 775 145 765 775 2568 145 143
2769 1841 2455 2455 927 1126 2455 2455 591
2769 145 2569 146
2769 2455 931 3857 2516
2769 163 35 829 613
2769 2455 601 2805 2642 145
2778 4549 2092
2778 2092 1240
2778 2016 3343
2781 1031 3832 3832 3832 4304
2781 510 677 3806 510 1866
2781 510 677
2781 564 3079
2783 249 144 74 104 53 93
2783 1908 144 249 656 656 1123 1998
2783 249 144
2784 821 2241
2784 571 4543 3317 2006 1160 434 435
2784 2323 625
2784 821 2241
2790 144
2790 2718
2790 327 634
2799 2024 2957
2799 1171 3784 3218 2034 2679 2810
2817 3022 2351
2817 510 4076
2817 3467 938 1153
2818 462 2353
2818 3340 3246 2186 3246 292
2818 2379 680 2048
2821 1355 4197
2821 3687 189
2821 1355 1153
2821 3335 545 2293 4197 1355
2821 80 1721 80 3021 3111
2821 1355 677
2839 293 546 546 293 605 288 70 66 67 69 65 68 261 59 58 1152 287 2103 2736
2839 3567 880 2570 3567 4864 93 4870 4863 925
2852 1981 2362
2852 1273
2852 1981 1981
2859 1700 584
2859 4424 3405 1039 1623
2859 173 3555
2874 512 1241
2874 3806
2879 1212 1211
2881 677 1123 3594
2881 74 2969
2881 945
2881 510 452 480 658 494 436 2540 564 3787
2890 3212 3957 895 2589 1652
2890 127 131
2890 830 3816
2894 3636 3636 3636 977 3636
2894 129 3636 1013 1689
2901 4197 1123 3923 3859 2177 2212 1123 3859 3923 3450
2901 1123 3923 3859 4197 4731
2901 4197 4731
2904 547 3630 110
2904 938 1025
2904 235
2905 3250 4131 3682 2138 3555 144
2905 1547 1502 1251 379 1251
2911 600 600 600 600
2916 4751
2916 4751 4751 4751 4751
2916 3687 783 4751 4751 4751 908 4751 875
2916 908 4751 4751 4751 4751 4751
2916 4751 4751 4751 4751
2916 619 4751 4751 4751 4751 783 1163
2916 4751 904 4751 4751 4751
2916 4751 4751
2922 452 1703 820 3123 430 485 499 483 501 431 430 4187
2922 1800 1068 745 441 445 450 658
2935 3842 2871
2935 3842 3842
2935 3842 3818 3818 3818
2935 3818 2871
2935 3818
2943 4421 1964 4421 4421
2943 4421 4378 3750 1784 4421 4421
2943 1964 4421
2943 4421 4421 1844 4421
2943 4421 1964
2943 4421 4421 1964 4421 1964
2943 4421 4421 490 1486 1486 4421
2943 2815 4604 127 3054 4421
2943 4421 4421 1964
2943 4421 4120 4421 1964 4421
2943 4421 1964 4421
2943 1964 4421 3788 1443 707 1595 1663 726 1446 707 1443 673 1595 4424
2943 4421 4421 4421
2943 4421 4421
2943 1964 4421 4421 1964 4421
2951 1123 1132 360
2951 1580 677
2953 249 1221
2953 313 1747
2953 249 677 421 3694
2953 853 4474 1496
2956 1052 1052 1052 1321 1654 249
2956 3763
2956 1052 1321 1293 497 496 1293 1321
2956 263 2691
2956 1052 3555 830 1052 522
2956 1293 1321 1052
2978 4807
2978 110 1376
2978 2940 1671
2978 7 2275
2985 938 4551
2985 797 797 1221 1222 607
2985 1221 1123
2991 2648
2991 1992 249
2991 1061 2855
2991 699 131 3564 130
2992 1222
2992 2312 353 868
2992 3512 868
3002 4751
3002 938 4751 4751 4751
3002 783 938
3002 4858 783
3002 783 1331 4751
3002 4751 4751 4751 783 938
3018 1810 2500
3018 1461 591
3018 598 925 3691
3018 2304 4863 4864 4866 4867 4864 53 4868
3018 3858 364
3018 567 3691 1398
3018 940 591 1679 1251 2470 4138
3041 3094 3094 3094
3041 3094 3094
3050 3248 3248 3248
3050 3248 3248 3248 3248
3050 3248 3574 457 3248
3050 3248 3248
3052 3248
3052 3248 3248
3052 3248 3229 4187
3052 2712 1806 4350 1948
3052 3248 3248
3052 3248
3064 1397 3967 3967 3386
3064 3967 3967 3967 3967
3064 3967 3967 3967
3064 3967 3386
3064 991 3967
3064 3967 3967
3074 148 789 1363
3074 94 946 1415
3094 144 1321 1293 1293 1321
3094 1109 2131
3094 144 830
3094 2596 1810 3925
3094 934 3587
3094 3192 821 1581
3094 766 1003 721 1002 405
3094 2721
3094 3557 4244 3555 547 547 3555
3094 573 1732
3094 1732 342 1401 878 2014 1947
3094 2699 144 770 858 1662
3095 2646 2646 1125 1516 2646
3095 1222 1155
3095 1221 1155
3095 1123 2646
3095 1155 1222
3108 2062
3114 1041 3148 4331 2119 79 354 1704 4424
3114 821 1123
3114 286 108
3122 381 74 3056
3122 2189 135 573 3307
3142 4445 4445 4445 4445
3142 2939 4445 4445
3142 4445
3142 1214 4445
3142 130 1214 4445
3142 4445 4445 4445 4445 4445 4445
3142 4445 192
3142 4445 4445 4445 4445
3142 790 313 4445 4445
3144 983 4056 880
3144 760
3144 2570 4661
3144 145
3153 473 1947 369 1947 3340
3153 3340 2485
3153 2020 2485 2274
3169 79 4815 3646 986 4815 2793 4227 94 382 58 4340 113
3169 986 1506 253 681
3169 4866 4870 4868 1156 1882 4227 393 2379
3169 1761 986 3646 4227 1199
3169 151 4175 2150
3169 681 669 4870 4866 4863 4868 4869 4867 987 4867 4863 4864 4866 4870 4866
3175 367 368
3175 3559 987 827 669 1954
3175 827 364 3126
3175 1857 151 621 3126
3175 827 299
3176 4619 4211
3176 4619 4757 4211 4211 4619 4211 4619
3186 2594 2112 2594 2112 2594 2112 2594 2112
3186 2112 2594 1031 2594
3186 2594 2112 2594 2112 2594 2112 2594 1031 200 1031 2594 2112
3186 2594 2112 2594 2112 2594 2112 2594 2112
3186 2594 2112 2594 2112 2594 2594 2112 2594 2112
3186 2594 2594 2112 2594 2112 2594 2112
3186 2594 2112 2594 2112
3188 913 913 3551 1278 1368 1910 1758 2215
3188 2631 1246 2840 4067 2095 2155
3188 495
3188 1366 4084 1366 913
3192 111 1398
3192 3333 1908
3221 666 498 1026 938 3658 3097 887
3221 783 144 149 1108 2911
3221 108 4187 4119 4187
3221 40
3233 2923 2682 2682 4116 4116 2923 4116 2682 2466 2682 4116 2682 2682 2682 4116 4116 4116 2923 3214 3634 3214 2923
3233 4116 2682 2682 4116 2682 4116 2682 2682 4116 4116 2682 2682
3233 2672 2682 2682 2682 2672 2923 2682 2682 2672 2682 2672 2923 2672 3889 2672 3214 2923
3233 2682 4116 2682 2466 2682 2682 4116 4116 2682 4116 2923 2923 2474
3233 3214 2923 2682 3313 2682 2672 2923 2672 2682 2663 2682 2672 2672 2923
3233 2672 2682 2682 2682
3233 2663 2672
3233 4116
3233 2682 4116 2682
3233 2923 2923
3233 2672 2923 2682 2682 2672 2682 2663 2672 2672 2923 2923 2923
3233 2923 2923 2672 2682 4116 4116 2682 4116 2682 2682 4116 4116 2923 2923 4116 2923
3233 2923 4116 4116 2923 4116 2682 4116 2682 4116 2682 2682 4116 2682 2682 4116 4116 2923 4116 3313 4116
3233 4116 2923 4116 2682 2682 4116 2682 4116 2905 4116 2682 4116 4116 2893 4116 2923
3233 4116 4116
3233 2923 2923 2682 2672 2923 2672 2682 2672 2682 2672 2682 2672 2923 2682 2923 2672 2672 2923 2672
3251 2897 768 3967 768 3967
3251 467 431
3260 2957 3692 74 1928 3420 987 293 546 1852 462 74 4787 2230
3260 151 2159 151 74
3260 3286 3691 391 2464
3260 546 1808 1928 74 4787
3266 4213 271 1786 3090 2602 776
3266 4611 4611 96 1062 4611 776
3266 4611 4611
3266 153 2971 1165 4611
3298 4084 1366
3298 1701 1281
3298 1701 1281
3298 1281 2382 1281
3298 2114 2217 1492 1220 1642 1368 1910 4084 1577
3298 2113 1281 1209 2155
3298 1281 2291 1220 1281
3298 801 1220 2096
3300 428 1180 699 699 699 942 4574 1105 131 699 699 4574
3300 815 699 699 4574 699 699
3300 1280 699 131 4574
3300 699 942
3301 4563 2770 2593 1907 113 119
3301 2593 172 917 2593
3301 1679
3318 2577 2072
3318 2577
3318 2877 1698 2877 421
3318 2877 2877
3318 1698 2474 2877
3318 2893 2776 2877
3325 1647 1410 1817
3325 1407 2046 1272 1455 1235
3338 1019 1019 431 440
3338 743 440 1019 1019 1019 1019 1019 1019 1019 4497 440 3773
3338 1019 820
3338 1019 1019 1019 1019 441 3773 3773 441
3338 1019 564 564 450
3338 1019 1019 1019 1019 1019
3356 2300 2300 2300 2300
3360 60 79 82 79 60 1637 1765 292
3360 616
3360 4184 2795 345
3360 370
3360 3349
3367 1429 1429 473 1442 1027 586 1906 1429 1429
3367 1429 1429 1429 1429 1429 1429
3367 1986 1868 1429
3379 253
3379 4815 888
3379 669 94
3379 94 3025
3379 1251 3858
3387 4855 945
3387 667
3387 116 4320 378 145
3387 73
3395 1325
3395 554 550
3395 1325 6 1325
3437 2189 2498 4040 1852 2810
3437 888
3443 3056
3443 268
3446 1826 145
3446 2946 2008 2174
3446 2452 309
3454 1008 1229 754 1230 754 1008 754
3454 1008 1008 1229 2722 1008 1229 1008
3454 1008 754 754 754 1229
3454 754
3454 754 1008 754 754 1229 1008 754 754
3457 3032 541
3462 677
3466 3778 3778 3778 3778
3466 51 1157 42
3466 2400 2633 3778 3778 3778
3466 3778 3778
3494 247 2459
3494 247 2459 2459 2459 2459 2459
3494 2459 3815 2858 247 2459 247 247 2459 247 2459
3500 1423 1775 2479 1707
3500 3639 205 4515 1173 2594 216 202 204 200
3500 1423 1534 2261 1775 1428 1366 2193
3500 2165
3505 3903
3505 3903 3903 3903 3808 3903
3505 661 509 3903 3903 3903 3903
3505 3903 3903
3505 3903 3903
3505 3903 661 3903 3903 655
3528 1055 1055
3528 94
3528 1055 1055
3528 1055 1055 2805 1055 2805
3549 927 2004 2500 2501 1923
3549 927 384 3286 1506
3549 2304 2004 917 2533 771
3549 370 99 330 927 2004 2501 1921
3571 4613 4671 649
3571 2357 1925 3853
3576 1908
3576 1333 755 4217
3576 1401 1806 1401 1282 624 624 2940 1983
3587 2789 3602
3587 2789 3602 3602 2789 3602 3602 3602 3602 3602 3602
3587 2789
3587 82 2718
3587 3602 3602 3602 2789 3602 3602 3602 2789 3602
3587 3602 3602 3602
3587 2789 3602 3602 3602 397 3602
3587 3602 2789 3602 3602
3587 3602 2789 3602 3602 2789
3587 4340
3594 1221 2828 3027 2828 3339 2828 2828 2828 2828
3594 2828 2828 2828 787 2828
3594 797 2828 2828 2828 1227
3600 1205
3600 1123 1205 1205 1205
3601 2950 2950 2950
3601 2950 2950
3601 4384 2950
3601 2950 2950 4384 2950 2950
3601 2950
3601 2950 2950 2950 2950
3606 2500 3925 4357 2444 1761 1507 229 2437 2614 359 4357 1193 2500 3444 359 2500 1838 2614
3606 2614 359 2500 1199 4357 229 4357 2437 229 1664 2614 1251 2614 359 1289 2720
3606 1396 2500 1289 766 721 3444 2614 4357 1193 1289 2720
3606 4357 2437 4357 1193 229 2614 1289 405 717 3444 2614 4357 2444 1131 3925 1761 1193 369 3444
3606 2614 1131 4357 2444 3925 229 1761 1193 3444
3612 2996 2996 2996
3623 4679 287 2103
3623 924 2700
3623 752 605 60
3623 782 567
3623 2103 287 53 781 1765
3623 2686 3433 1498
3627 2138 249 110 3405 729 1610 1611 4239 1625 442 1635 711 1635
3627 2138 47
3627 249 4424
3630 1029 898
3630 1029 898
3630 1029
3648 4201 2176
3648 4201 66 4201 1809
3648 3258 3258 4201 603 3258 1809 4201 4201 1809 3475 1809
3648 3258 66 4201 4201 3258 682 2176 325 4201 4201 3258 74
3648 4201 2176 3481 3691 601 167 384 1809 586
3648 4201 3258 1809 3258 4201 3258 957 928 4201 3258 4255 4201
3648 1809 151
3648 1809 1052
3648 354
3648 74 1765 1809 1482 4689
3648 1162 656
3648 3926 2407
3648 4201 1765 2176
3648 4201 1809
3648 74 1809
3648 327 4201 1482 232 650
3656 607 656 938 607 2098
3656 3527
3656 2098 2098
3662 3454 4596
3662 4596 4596 4596 4596
3662 4596 4596 4596 4596
3662 4596 4596 4596 4596 4596 4596 4596
3662 4596 4596 2598 3145 4596 4596 4596 4596
3662 4596 3145 4596 4596 4596 4596 4596
3662 4596 4596 3145 3145 4596 4596 4596
3662 2598 2598 4596 4596 4596 4596 4596
3662 4596 4596 4596 4596 4596 4596
3662 4596 4596 4596 4596 4596 4596 4596
3665 901 3509 404 2360
3665 510 1429 3509
3665 1986 948
3665 3509 3509 641 3509
3675 4762 4762
3675 4762 4762
3675 4762 300 4762 4762 4762
3683 1899 2289
3683 872 3273 2724 1512 1889
3683 385 946 4221 1041 385
3692 4808 4808 4808 4808 4808
3692 4808 4808 4808 1037 4808
3692 4808 4808 4808 4808 4808 3526 4808
3702 1737 1293 1241
3702 1843
3702 1873
3718 1491 1301
3718 1885 1711
3718 1581
3718 1254 3299
3727 1158 848 111 1158 848 925
3730 1085 1664 740 3853
3735 1035 760
3735 144 1155 36 39 950 545
3735 3779 4274 79 86 79 4328 4267 80 316 172
3743 2168
3743 497 2552
3743 2552 2552 2552 2552 2552 3660
3748 489 1795 1138 4001 4001 1793 1793
3748 819 1 2783 313
3748 3298
3748 123 123
3748 123 346 1138 7 264
3749 1786 2276 56
3749 1022 2253 1329
3749 2080 926 307
3749 1786 3484 113
3755 3042
3755 3042 3042 3042
3755 3042 2536
3756 567 1411 2136 2694 3659
3756 1877 3659 1682 3444 1682 366 2537 3659 2694
3756 3659 2163 3659 3659 2537 3659 2591 2591 2591
3756 1682 2591 2636 2029 2591 3659 2591
3756 2987 3219
3756 3659 2163 3659 2591 2230 2533
3756 524 3822 581 3066
3756 3659 1682 3659 1682 1147
3756 1682 2591 633
3757 599 2719 3298
3757 118 1825 161 1825
3757 1825 804 1983
3757 3205 6 1825 161 1653 131 2719 3298 132
3757 131 532 1511 4824 1504 531 4819 4853
3757 1653 313
3757 3561 1994
3757 3561 1793
3757 3469 1825 249
3757 3561 1825 3561 1091 199 199 199
3757 199 161
3765 4148 3137 4148
3765 2170 590 842
3768 831 677 173
3780 699 1763 2054
3780 308 1280 4530 101
3780 647 187
3780 647
3782 144 249
3782 677 845 677
3782 144 249 110 4 4 189
3782 1251 94 605 151 94
3821 2921 3521 1189 2921 1643 1777 2921 1777 3469
3821 3584 3508
3839 2973 957
3839 1114 1108 946 628
3839 144
3839 2624 1826
3839 1898 3034
3839 1251 2775 1398 4525 920 3481
3839 4661 2379 2034 1721 2759 3333 968 111 1334 1092
3839 1092 2483 889 83 2297
3839 1490 623 782 3481 680 2024
3883 997 997 438 997 997 474 997 4759 249 653 1866
3883 997 411 997 398
3883 997 997 997 414 997 266 3347 1820 532 1504 531 4853 4819 4854 1511 4822 4820 4824 4827 4828 4821 4825 4823 4829
3883 997 997 997 997 997 997 3347
3895 766 1289
3896 957
3896 2967 1383
3896 1383 2967 3803 732 1739
3917 3484
3917 570 2699 2304 2145 1372 54 164
3917 1461 164 2799 3691
3917 54 3691
3917 603 3926 1092
3917 3892 1400 2745 164
3917 122 1297
3917 2824 1041 54 1677 2198 1681 708 752
3917 54 143 570 54
3917 679 2034 3470 54 2747 122 2623
3917 58 2449 4128
3920 4034 1954 924
3920 1156
3922 821
3924 3581 3581
3924 3581 3581 3581
3924 3581 3581 3581
3930 1153 3163 938
3930 1123
3930 1355 189 1240
3930 1240 4549
3930 4549 1240 4549 1153 494 452 2064 471 467 445 452 441 2063 1153 1240
3930 1355 2934
3930 4549 1240 3467
3930 1355 189 1240
3930 4549 1355
3932 2401 994 2401 2028 2615 2401 994 2401
3932 994 3009 2401 994 3009 2401 994 3009 994 2401 994 3009 3009 2615 452
3932 2401 994 994 994 3009 994 2401 994
3955 2071
3960 1265 258
3971 914 913
3971 1665
3971 976 2296
3972 4549
3973 1461 668
3973 473 1607 777 1461
3979 2786
3979 3220 230
3979 145 924 1089
3979 2770
3985 3691 4113 3025 4113 2770 111 888 2713 2957 2569
3985 2593 2713 1954 4113 2034 888 2500 2436 1704 2034
3985 888 3484 384 1662 888 2713 4002 2602 3883 4024 2957 888
3986 309 889
3986 1677 889 1441 2624 1441 1677 1334 1677
3986 3481 888 888 4862
3986 1677 1441 888
3986 888 56 1441 1954 151 1677 2624 83 2624 4719 1677 889 705 888 1677 888
3986 888 889 651 1677 280 301 988 1677 888 1677
3986 888 1677 3056 1566 74 1152 1441 888
3986 2936 1939
4059 3423 3423 3989 3423 3989 3989
4059 1005 1123
4059 407 3423 3423 3423 1031 1031 3423 1123
4059 3923
4060 1798 364
4060 364 1798
4060 4002 946 2298
4062 1573 1573 1573
4062 1573 2551
4062 1573 1573
4062 2556 1736
4069 327 546 328 546 546 293
4069 546 3430 546 322 1686 546 328
4069 546 546
4078 2160 2223
4078 804 333
4078 2958 1087 2160
4083 2201 4759
4085 97 1156
4085 144 47
4085 872 1596 586 340 1051 1128 752
4085 3615 60 2304 2507 2304
4085 249 47 2842 110 144 4321
4086 4011
4086 1055 3254 144 1055 3025
4086 144 95 338 498 3575
4100 3143
4100 2680 2269 2269 2269
4100 337 2807 2680 332
4100 2269 2269 2269 2269
4100 332 2807
4100 2807 2807 332
4103 713 470
4130 111 4794 3158 717 74 2297 2379 1251 910 364 2087
4143 3715 3715
4143 3715 2805 2805 3715 3715 3715
4143 3715 2805
4144 2793
4157 3402 2461
4157 3402 2461 3402 2461 3402 2461
4157 3402
4172 2884 2884 2046 914 1219
4172 2884 4598 2884
4172 2884 2884 2884 2884 2884
4172 2884 2884 2884 3829 1063
4172 2884 2884 2138 249 1791 1581 4424 762 3683 850 1069 759 215 4424 249
4172 2884 2884
4187 2630 4359
4187 4525 2559 270
4187 3772 292
4187 713 2441
4187 4217 2468
4188 92 666
4188 1490 1251
4188 1128
4188 680 473 3160 354 708 705
4189 3973 3973 4613 3973 4613 3973 3973
4189 3973 3973 3973 3853
4190 1057 96
4190 2473
4194 707 1625
4194 896 1178
4194 1443 1625 1602
4194 2391 996
4194 1222 2608
4194 1222 4424 2139 850 1119
4198 802 2842 2842 3391 2160 313 2160
4198 802 853 2160 1781 1933 313 3086
4198 3086 2398 6 313 1937 3391 2160 1184 2335
4202 1221 510
4202 2828 2828
4202 2828 2828
4226 2240
4226 871
4228 247 2459 247
4228 518 514 450 452 3838 3838 452 3787 2180 3838 431 441 518 2933 501 485 499 483 480 3838 518 3784 559 3838 3838 1123 3873 1240
4237 4426
4237 4426 4426 4426 4426 4426 4426 4426 4426 4426 4426 4426
4245 685 1592 686 687 688 689 690 703 691 692 1635 442 1632 711 3552 1633 1443 4121 1622 753 707 726 712 729 725 1039 1601 673 2451 1621 896 1644 3232 1663 723 929 2670
4248 4785
4248 4785 4785
4248 4785 4785 4785 4785 4785 4785 4785 4785 4785 4785
4265 3701 4558 3701 4558 3701 4558 3701 4558 4558 3701 3701
4265 3701 4558 3701 4558
4265 4558 3701 4558 3701 4558 3701 4558 3701
4265 4558 3701 4558 3701 4558 3701 3701 4558 3701 3701
4265 4558 3701 4558 4558 3701 4558 3701 4558 3701 2920 3701 3835 2920
4265 3701 3701 2920 1856 3701
4265 3701 4558
4265 4558 3701 4558 4558
4265 4558 4558
4265 1856 4558 3701 3701 4558 3701 4558 3701 4558 3701 3701 3701 3701
4265 1856 3701 4558 3701 4558 3701 4558 3701 3701 4558 3701 3701 4558 3701 3701 2390 3701 2920
4265 4558 3701 4558 3701 4558 3701 4558 3701 3701
4272 3837 3837 3837 3837
4272 3837
4272 3837 3837
4296 3815 4042
4296 1464
4296 1464 3815
4296 2454 1832
4296 1464 198 200 216 202 4097 4515 439 4495
4296 1464 1464 3732 3345 2454 1464
4330 2128 1781 1932 1138
4330 2772
4339 3129 3117
4339 3668
4339 66 710
4346 1679 460
4346 1679 2713 91
4346 2521 1448
4346 2957
4346 1679 2625 601
4357 1255 2224
4357 2046
4359 4610
4359 4610 4746 4610 4746 4610
4359 4746 4610 4746 4610 4746 4610 4610 4746 4746
4359 4610 4610
4359 4610 4746 4610
4359 4746 4610 4610 4610 4746 4610
4359 4746 4610
4359 4746 4610 4610 4746 4610 4746 4610 4610
4359 4610 4610 4746 4746 4610 4746 4610
4368 978
4368 4613 1131
4368 1650
4368 2082 317 4056 3385 144 524
4368 2402
4373 3417 2503
4373 2293 2503 2503 2503
4373 3532 2503 2503
4393 888
4393 460
4393 473 1930 586 79
4393 2760 3428
4412 2779 2779 2779 2779
4412 2779 2779 2779 2779
4412 2779 2779
4412 2779 2779 2779 2779
4412 2779 2779
4412 2779 2779 2779
4412 2779 2779
4414 2779 2779 2779 2779 2779 2779 2779 2779 2779
4414 2779
4414 2779 2779 2779 2779 2779 2779
4419 2933 4187 108
4419 3453 3453
4423 249
4423 2304 2321 2971
4423 1898 2135 4420 3460 2304 1057 144 865 1153 452 3967 479 486 3784
4423 480 494 436 3492 865 144
4423 2304 304 814 373
4423 4112 3811 1954 58 378 348 755 91 1681
4441 1318 320
4441 232 546 927 2426 1432 978
4441 2083 2723 2080 1444 3444
4441 2623 2760 293
4441 78 72 71 64
4441 473 2386 138 328
4467 1293 1163 1222 3081 3223 108 39 587 857 38 2110 44 36 43 40 1186 353 39 4288 1222 4076 1293
4467 1162
4467 1321 144 3220 59 66 713 54 144 1321 1293
4468 3724
4468 1097 3298
4468 2047 796 1654
4468 1097
4468 1097
4470 510 47 249 144 60 160 4332
4470 2738
4473 1439
4476 1123 1241
4476 881 846 991
4476 1866
4476 3806 1123 491 612 506 491 612 1123 3450
4482 4491 4491
4482 247 4491 4491
4482 4491 4491 4491
4482 4491 4491 4491
4482 4491 4491 4491
4482 4491 4491 4491
4487 128 1363 1887 1820
4490 3397 3397 3397
4490 3397 3397 3397 3397
4490 3397 3397 3397
4531 2598 3145 3145 2598 2598 3145
4531 3145 2598 3145 2598 3145 2598 3145 3145 3145 2598
4542 1547
4545 3293 3293 3293
4545 3293 3293 3293
4545 3757
4545 3293 3293 3293 3293
4545 3293 3293
4545 1580 677 3293 3293 3293 3293
4545 3293 3293 677 1580
4569 2822 2822 2822 2822 2822 2822
4569 2822 2822 2822 2822 2822 2822 2822 2822 2822 2822
4569 2822 2822 2822 2822 2822 2822 2822 2822 2822 2822 2822 2822
4588 1029
4588 1029 898
4589 173 249 249 173
4589 173 249 249 677 677
4589 173 249 249 249 173
4589 173 249 249 173
4589 173 830 2622 830 249 789 249 173
4625 3446 3446
4625 3446
4625 3446 3446
4625 3446 3446 3446
4627 1534 2093 1423 2114 2217 2218 1903 1883 2219 2237 1299 2599 2675 1278 2099 2093 1759
4636 1017 4461 4461 4461 1017 1833 4461
4636 465 4461 4461 2230 4461 968 2272 2230
4636 149 4461 4113
4661 3251 805 808 806 2928
4661 3522 2306 3522 2306 2306 3522 2306 3522 2306 3522 3522
4661 2306 2306 3522 3522 3522 2707 3522
4661 2306 2306 2306 2306 2306 3522 2306 2306 3522
4661 3522 2306 3522 2306 2306 3522 3522 2306 2306 2306 3522 3522 3522 2306 3522 3522 2306 3522
4661 3522 3522 3522 2306 2306 3522 2306 2306
4664 3212 707 1626 1605
4664 1580 4197
4664 1201
4669 259 812 1938
4669 1163 656 670 1583 1583
4682 3649 3578
4682 3649 3578 3578
4682 3578 3578 3578 3578 3578
4682 3578 3578 3578 3578 3578
4682 3578 3578
4682 3578 3649 3578
4686 1580
4686 4590 3520 4590 4590 1364 4590
4686 4590 4590 4590 4590 1580 831
4686 831 1580 4590 4590 4590 4590
4686 1069 850 1119 4590 4590 4590
4686 4424 4590
4686 2981 1364
4688 3202 2805
4688 2805
4688 3586
4688 925 4697 379
4689 131 1500
4689 1500 249 2709
4701 4173 3869
4701 1014 1041
4701 1014 91 2024 4173 326
4701 4173
4701 4197 4731 144
4701 3025 4173
4701 261 1014
4701 378 4173 375 1906
4701 1014 1334
4701 606 378 93 3158
4701 4173 378
4701 4324 3648 3383 1014
4701 1014 3314 4173
4701 378 4173 155
4701 4581 1014 378 4173 4173 378 652
4722 3620 3620
4722 3620 3620 3620
4722 3620
4722 3620 3620
4727 2344 1162
4727 3171
4733 4043 1321 3557
4733 249 677
4744 1032 1268 2295
4744 2295 2295
4744 4683
4744 619 543 1216 783
4744 3062
4744 4683 2295 248 923
4746 2527 1850 1850 1850 1176 2990 156 2277 1765 1850 2806 1850
4746 1850
4749 2277 1320
4749 2032 969 3772 3426 3481 373 4863 4870 4868 4863 1898 4869
4749 1712 3875 2770 1289 2559
4749 957 920 2444 1712
4749 405 2694 3691 2116 4794 2198 2145 3333 1904 2983
4749 143 2272 2277 111 878 3950 946 1954 823
4762 97
4762 1860 1860 1860
4762 1860 1860
4762 1860 1860
4770 2324 3151 3151 3151 3151
4770 2444
4770 3151 3151 1967
4770 3460 2324
4783 4424 1241 4180 4180 4180
4783 4180 4180 4180
4783 1663 896 690 707
4783 4180 4180 4180
4783 4180 4180
4783 434 571 3799
4783 3361 1163 1163 1241
4788 2270 4029
4788 3921 3921
4788 39 2170 675 1070
4788 4031 2270 4031 2270 3906 3921 2263 2270 3906 3921 2270 4029
4788 4192 4029 3906 4029 4192 3921 2270 4029 4192 3906 4192 4192 3921 4192 4192 2270 3921
4788 4031 4031 3906 3921 3906 3921 4031
4788 4192 2270 4029 2270 4192 3921 4029 2263 4192 4031 4192 4029 3906 3921 4031 2263 4029 2270
4788 249 545
4788 4029 4029 4029
4812 1987 656 670 4458 670 656
4812 677 845 670 4458 812 670 677
4812 3476 3476
4813 2623 1945
4813 4752 3270 498 1704 730 4752 3270
4816 593 3991 593
4816 599 593 540 4246
4816 540
4816 967
4816 903 33 593 540
4819 4209 676 4626 4209 4209 4616 4626
4819 4626 4209 3628 4209 4209 3628 4626 4626 4626 2320 2905 4626 4616 4209 4616
4819 4209 676 4626 4209 3628 4626 4626 4209 828 4616 4626 4209 3628 4626 2951 4626 4616 4616 4616 4626
4819 676 4209 676 4209 3628 4626 4209 3628 4626
4819 4626 4209 4209 4626 4209 4626 4626 4209 2951 4616 4209 2951 4626
4819 4209 676 4209 4209 4626 4209 4626 4626 4209 4616 4616 4209 4626 2951 4209 4616 4626
4819 4209 4626 4626 4209 2951 4626 4209 2951 4626 4616 4616 2905 4626
4819 4626 4209 3628 4626
4819 4616 3830 538 4616 2905 2951 4616 4616 4616 4626
4819 4209 4616 676 4626 4209 4626 4616 4616 676 4626 3622 676 4209 4626
4819 2951 4616 4626 4616 4616 4626 4616 4626 2905 2951 4616 2951 4616 4209 4626
4819 3628 4209 4626 4626 676
4819 4209 4209 3628 4626 2951 2951 4626
4819 4626 4616 2951 4616 4626 4626 4626 4616 4626 2951 2951 676 4616 4616 4626
4819 4209 2951 4626 4626 4626 4209 4626 4209 4626 4209 2951 4626 676 4209 2905 4626
4824 656 3485
4824 3485 865 656 3485
4824 656 3485
4824 656 3485 1153 1153
4833 1635
4838 2179 3944 3944
4838 3944 3944 3944 3944
4838 836 1438 2179
4838 2179 2179
4838 3944 3944
4838 3944 2179
4838 1438 2179
4838 3944 1867 3944 3944
4838 836
4839 47 764 3212 4628 4424
4846 510
4846 1661 216
4846 1121 743 4497 4497 510 1258
4855 595 437
4855 490 474 892
4855 412 1617
4855 249
4855 2855 266
4855 490 1486 490
4855 249 47
4861 2783 1937
4861 2942 2942
4861 2958 527
4861 2373 1355
4884 241 241
4884 2436 3196 1675 3196 3196 324 2800 2799 1765 3196 623 3196 2943 3196
4884 3196 3196 279 3196
4884 3312 3196 3196 623 1215 3196
4889 2280 4359 780 58 307 1083
4895 4028 4028 4028 4028
4895 4028 4028 4028
4895 4028 4028 4028 4028
4895 4028 4028
4895 4028 4028
4895 4028 4028 4028 4028
4895 4028 4028
4898 498 3025 144 1162 656 1033
4898 1033 2282 1033
4898 852
4898 656 1033 852 852 852 852
4898 1033 1033
4898 1033 852
4898 1033
4898 852 852
4898 852 852 852
4899 4036 4036
4899 4036 4036 4036 4036
4899 4036 4036
4899 4036 4036 4036
4899 1123 3875
4899 4036 4036 4036 4036
4899 4036 4036
4907 3898 3898 3898 3898 3898 3898 3898 3898 3898
4907 3898 3898 3898 3898 3898
4907 3898 3898 3898 3898 3898 3898 3898 3898
4917 473 2463 146 2088 1503
4917 143 2463 74 74
4917 74 74
4917 2463 74
4917 2088
4920 3551 2217 3551 1278 3551 3551
4920 3551 3551 2217 3551
4927 1057 330 86 3133
4927 615 1833 113 120
4927 3133 3650 1057 1092 622
4935 775 3188
4935 1055 2174 1062 1055
4935 1146 1055 1055 476
4935 4813 354 74
4935 1055 370
4935 1030
4941 1153 865 4518 510 1222
4960 1066 2019
4960 219 1218 3154 4515 4495
4960 510 452 481 483 479 477 501 485 1001 518 658 1139 431 2540 440 441 494 429
4965 1132 1458 1162
4965 1509 2274 1509 1509
4965 1509
4966 4559 4559 4559 4559 4559 4559
4966 4559 4559
4966 4559 4559 4559
4966 4559 4559 4559 3241 4483
4966 4559 4559 4559 4559 2535
4966 2535 4559 4559 4559 4559
4966 4559 4559 4559
4966 4559 4559
4967 1494 378 377
4967 2775 2332 4173
4967 2775 1506
4967 4173 1494
4970 821 3156 3156 833
4970 833 3156 833 3156 3156 3156 3156 833 3156 3156
4970 3156 3156 833 1709 3156 3156 833 962 3156 3156
4975 2910 1251 2698 2910
4975 925 2720 2277
4975 2559 4855
4975 2698 2910 4855 1251 650 4855
4992 2823 2823
4992 2823 1183
4992 2823 3457 3457 3457 2823 2823
4992 1183 2823 1987 2823 1183
4992 2823 1183 2823 2823
4992 2823 2823
