3 3833
3 733 643 2037
3 3833
3 5016 4850
3 3833
3 733 643 2037
3 5016 4850
5 673 713
5 5 1954
5 624
5 3528 2383
5 1106 2910 1264
5 883 305
5 4050 1219
10 201
10 1088 5322
10 201
10 1088 5322
10 1088 5322
10 201
10 1088 5322
16 297
16 297
16 297
16 297
16 297
16 297
16 297
18 847
18 248
18 3587 2078 1483 2946 1168 118
18 2078 2078
18 3211 1168 5115
18 3211 1168 5115
18 733
20 3365
20 3365
20 733 1744
20 719 2584
20 724 733
20 1143 418
20 5179 3139
24 2413
24 1272 2231 442
24 4937 290 4937 442 1570
24 475 1904
24 4937 439 916 2946 468 4937
24 5036 1272
24 5036 1272
26 656 3983 5222
26 3924 606
26 1606 1170
26 656 3983 5222
26 1606 1170
26 1606 1170
26 3924 606
30 4554 2324 425
30 2961 377
30 4223
30 344 5148
30 4554 514 5468 934
30 4554 5468
30 4190 724
30 5341 4223
30 4029 514 2520
31 588 804
31 440 632
31 434
31 1348 3484 588
31 1153 591
31 2084
31 1142
31 4907
31 244 1123
35 1347 1347 1347 1347 1347
35 71 2383
35 1347 1347 1347 1347 1347
35 1802
35 71 2383
35 1347 1347
35 1347 1347
38 4887 645 4887
38 4887 2597 4887 4887 4887
38 4887 4887
38 4887 4055
38 1088 1088
38 702 5390 4887 3434 4887
38 1088 4887 1088
38 4887 1088 4867 2095 4887
38 645 4887 645 645 4887 2597 4887
38 645 4887 802 1088 645 4887 495 4887 1970 4887 645
41 3528 1014
41 3466 1989
41 3466 1989
41 3528
41 3528
41 3528 1014
41 3528
42 3019 4800 151 4800 934
42 4800 3019
42 3167 3167 3838 3167 436 3019 3019
42 3167 3167 3838 3167 436 3019 3019
42 3019 4800 151 4800 934
42 4800 3019
42 5399 3019
46 2520 557 384 2532 4596 4889 416 2602 3519
46 384 2760
46 2900 4582 2900 4889 4438 4199
46 4889
46 4943 234
46 495 2532 779 583 583
46 1276 4889 416 234
46 2900 2900 4892 684 2900 4582 2900 2900
47 4502 4903 470
47 4196 68 5024 5024 2013 3207 2488 2274 4196
47 3977 4903 533
47 2013 3497 48 4196 1306 734
47 4445 4196
47 4196 4196 4196 4196 1161 4196 4196
47 4196 4196 4196 1776 470
47 4903 4196
47 4196 4196 1053 3564 2146
47 3710 568 1161 4384 568
54 4349 1299 3096 5 893 2409
54 4459 3839
54 4459 3839
54 4349 1299 3096 5 893 2409
54 1124 737
54 1299 89 1229
54 1299 89 1229
55 112 4565
55 144 4178
55 144 4178
55 2383 161
55 112 4565
55 2383 161
55 112 4565
57 720 2216
57 2250
57 1676
57 4679 4760 1092
57 2871
57 442 581 645
57 2250 2910
57 2728 457 2285 1395
57 1676 1034
57 870 4522
61 2223 4178
61 5090 5090 5090 2436 5090 2436 5090 2436
61 5090 2436 5090 2436 4943 2436 5090 2436 3399 475 2002
61 1140 2436
61 2550 2436
61 1627 5090 2436
61 2436 5090 632
61 5090 2436
61 1 5090 2436 2436 2436 2520 5090
61 5090 2436 3167 305 5090 2436 5090 2436 5090 2436 1289 5090 2436
65 6
65 2589 2669 3977
65 1142 4423
65 4703 3318 4703 4703 4703
65 2507 51
65 4703 4703 472 2013 3399 4703 4703 3078 810 782
65 4703 1416 525 2100
65 4293 4293
65 2061 4242
72 1016 995
72 334 1701
72 868 5060
72 435 377 741
72 334 1701
72 435 377 741
72 1016 995
75 2863 1764 645
75 3405 2863
75 3405 5034
75 2863 1764 645
75 3405 2863
75 3405 5034
75 2863 1764 645
77 3576 632
77 5483 4868 3446 4516
77 3383 4516
77 3383 1681 4904 3383
77 3383 739
77 2503
77 3446 3383 1647
78 643 2203
78 1337 5467
78 5467
78 5467 5467 5467 2569 5467
78 643 2203
78 1337 5467
78 5467 5467 5467 2569 5467
80 1090
80 1398 4776 929
80 2377 1398
80 1090
80 2377 1398
80 1090
80 1398 4776 929
81 3329 3329
81 1178 3257 1113
81 4417 1182 1246
81 1113 1150 3329
81 1113 4263 3466
81 2282 4322
81 977 4263
84 3247 1364
84 645
84 481 4282
84 2013 717
84 734 1229 694
84 4282 234
84 3247
85 2019 144 3687 345 2047 4433
85 5229
85 978 3907 734 4332
85 1433 4584 5229 2358
85 5138
85 4433 3542
85 3543 292
85 5229 915 5229 4431
85 1714 5294 5043 5229 3297
85 5099
89 4849 4849
89 4849
89 4849 4849
89 4849 4849
89 1607 100 4849
89 4849 4849 2668
89 4849 3945
90 1224 516 441 3126 4650 2231 5103 369 3102
90 1224 516 441 3126 4650 2231 5103 369 3102
90 5134 4586
90 441 5248
90 441 5248
90 5134 4586
90 1224 516 441 3126 4650 2231 5103 369 3102
94 2922 2922
94 1151 1401 3273 4075 352
94 1602 1401 1401
94 1151 1401 3273 4075 352
94 1602 1401 1401
94 2922 2922
94 632 1400 4019 632
97 733 1557 3062 1708 2885 657 2309 1842 1868
97 733 1557 3062 1708 2885 657 2309 1842 1868
97 733 1557 3062 1708 2885 657 2309 1842 1868
97 733 1557 3062 1708 2885 657 2309 1842 1868
97 733 1557 3062 1708 2885 657 2309 1842 1868
97 733 1557 3062 1708 2885 657 2309 1842 1868
97 733 1557 3062 1708 2885 657 2309 1842 1868
100 18 1886
100 479 2576 36 426 439
100 3899 2248 1084
100 5395 2315 940 136
100 2018 4997
100 2240 5074
100 5084 1191
100 85 762 207 1692 615 4717 2248
100 3795 2550
100 3266
104 5035 134 721
104 5042 733 1191 1624
104 5035 134 721
104 3954 619 1710 254 4199
104 285 892 4704 469 20
104 492 2336 163
104 4451 3169
107 2332 2409
107 803 3789
107 2349 2332 1189 3257
107 2349 2332 1189 3257
107 803 3789
107 2332 2409
107 2349 2332 1189 3257
109 2323 2323 3748
109 2323 2323
109 2323
109 2323 3228
109 3748 3228
109 2323 3748
109 3228 3748 457 3561
109 2323 3748
109 2409 3228 2323
109 2323 2323 2736
111 1281 456 5120
111 646 4431
111 4687 2243 798 4639
111 4904 2753
111 2243 4824
111 2243 785
111 5116 2552 3628 3334
111 1540 381 1050 2407 1460 1050 1460
111 525 4891 4383 1478 673 3848 2220 4364 183 4639
111 3381 2616
114 1985 453 1273 1441 764 645 1505
114 997 637
114 2811 645
114 61 1241 4673 4842
114 2377 3701 5294 1176 1338 158 1603 4387
114 2447 1472 4586 2019 2413 47 5191 358 4416 4336
114 5034 3073 2019 945 816 4203
114 2019 1349 3859 812 18 439
114 4893 2240 330 3126 29 1505 507 645
118 63 1530 699 516
118 1796 624 3155
118 4685 615 997
118 1796
118 3925 3329 645
118 1120 424
118 1856 645
122 189 277 1297 579
122 277
122 599 4271
122 976 3853
122 4069 1049
122 2409 4538
122 4243 1564
124 1854 4951
124 1869 801 3649
124 4951 4951 1854 1347 3371 2291 4951 3321 4951 3371 4951
124 4951 4951 5410 4951 4951 1689 3649 4951 4951 4951 3371
124 1689 3371 3371 4951 4951 1366 4951 4951 3371 4951 4951
124 4951 1347 4951 2543 2540 4951 3649 5480 3371 2291
124 4951 3371
124 1854 3129 2578 4951 3371 2291 4951 3371 4951
124 1854 3371 4951
124 3371 4951 3496 3109
127 603
127 352 4123
127 603
127 4346 948
127 352 4123
127 352 4123
127 4346 948
132 4926 2060
132 1709 1366 3705 3705 276
132 4170 4926 870 3767 4796 4930 4926 2498
132 4165 5409
132 3682 3767
132 870 3682 3767 4796 4796 870 3682 3767 1710 2498 4926
132 2998 3208 2270 2998 2270 2409 4926
132 3767 2662
132 4926 2498 4926 4930 2498 3767 870
132 632 3390 2144
134 373 60 1970 1343 4838
134 2000
134 5027 3514 2223 3514 2882 318
134 3514 1343 411 645 1846 632 1276 2123 4322 645 3838
134 1856 2223 3514 519 2223 930 1846 1069 4640 1121 2223 2520
134 5027
134 373 2123 4514
136 634 2484
136 1767 2409
136 4855 3525
136 734
136 809
136 1338 739 788 1190 1728
136 3415 2649
137 1734 2694 5448
137 1319 2161
137 5294 442 468 1279 2814 442 463 117
137 2814 2312 2409 945 1477
137 3481 4742 2095 442 1939 2814 821 2254 2814 581 1279
137 1775 1676 16
137 1734
137 4359 2497 5253 5253 634 1103 2814 1737
137 3481 142
137 2814 1088 4252 5412 1471 642 2814 642
139 3557
139 3557
139 3557 1052
139 624 2066
139 2066
139 733 5401
139 3179 1724
140 3517 4364
140 2398 1590 2013 40 4905 1126
140 3126 5401
140 3126 5401
140 2398 1590 2013 40 4905 1126
140 185 1209
140 3038
144 356 1851 2348 1851
144 2108
144 1781 221 1851
144 2348 2348
144 1781 1781
144 1851 1781 1781 1394 1851 471 1815
144 1851 1781
144 1851 2348 1781
144 1851 1781
144 1851 1781 1851 1851 1851 2348
145 3112 2452 469 5256
145 1358 1862
145 669 2976 2452
145 669 2976
145 4655 73
145 5256 2452 5256 3112 2144 2452 5256
145 669 2976 2452 5256 2976 5256 1116 5256 5256
145 646 3112
145 669 2452 1064 2452 2976 2452 669 378 1577
145 2452 122
151 12 3857
151 1116 893
151 12 3857
151 1255
151 1116 893
151 1255
151 1116 893
152 1483 4464 1688
152 970 1648
152 1483 4464 1688
152 4701
152 4464 1358
152 1740 210
152 970 1648
155 2409 2603
155 2409 2603
155 2409 2409
155 2409 1760
155 2409 2409
155 2409 1760
155 2409 2603
157 2288 5274
157 5223 283
157 775 987
157 4979
157 4979
157 4653 501
157 278 648 1194 3564
160 1785 1864
160 2426 1864
160 1856
160 1311 79 2639
160 1785 2639
160 1311 1856 2426 2639 662
160 1864 1187 1785 2639 1864 1864
160 4940 1187 2637 1864
160 2639
160 5208 2901 2426 1120
161 753
161 394 2204 1701 2456 993 4846 2304 1207 830
161 753 581
161 2552 4032 3400 4694 3641 570 2471 753
161 5121 570 2007
161 2409 5020
161 4846 570 4404 352 441
164 1135 894
164 1135 894
164 599
164 1135 375
164 4113 645
164 599
164 1135 375
167 3458 1627
167 1507 1627
167 1507 1627
167 4856 1116
167 3458 1627
167 4856 1116
167 493 1730
173 813 5163 4154 5163 4154 5163 4154
173 4 3648 1149 4364 3838 468 60 4164 1624 1391 699 632 352 3705 2088 3259
173 4154 5163 4154 5163 292 5163 5163 1478
173 3225
173 4154 4564 369 4969
173 2967 2377
173 4115 4296
179 5216 5216 5216 2265 5216 2265
179 2265 2265
179 5216 2265
179 2265 2265 5216 5216 632
179 2265 2265 2265 2265
179 5216 2265
179 5216 2265
179 5216 5216 2265 5216
179 5216 2265
179 5216 2265 5216
180 536 536
180 5490
180 2476 569 5500 586
180 882 630 5490 5500 2030 5490
180 536 536
180 5500 5500 5500 5500 630 5500 1092 5490
180 5490
184 5413
184 2488 1439
184 1308 1675
184 894 734 4519
184 977 4772
184 977 4772
184 2750 457
187 298 1422 1599 1422
187 1707 1707 4014 1707
187 1428 1692
187 2490 408 1451
187 5188 530
187 4513 1422 1599
187 3266 1599
187 1030
188 3795 0
188 3257 533 769
188 645 1158
188 3257 533 769
188 733 1627 2739
188 471 269 985
188 733 1627 2739
189 433 3065 1949 402 4461
189 35 768 4461
189 5145 3260
189 61
189 55 929 5408 3114 4461 3 2387
189 2223 1337 2697
189 4639 3838 4461 734
191 1537 4376
191 861 2415
191 1737
191 1537 4376
191 1537 4376
191 861 2415
191 1737
192 86 1332 409 30
192 201 4909
192 1478 4260 3329 723
192 3257
192 201 4909
192 3150 246
192 1478 4260 3329 723
194 2220 442 1481 2821 442 2220 1481 2821 2220 2821 1481 442 2361
194 442 2821 2950 2220 1481 442 2821 442 2821 4060
194 645 1481 442
194 1481 442 442
194 1481 2220 442 2361 2821 1481 442 2220 2821 2821 1481 2821 2821 2220 442 2220
194 1481 442 1481
194 2821 442 2220 2821 1249 2220 1481 2361 442 2821
194 645 442
194 645 1481 645 1481 442 645 442
194 1481 645 645 1481 442 645 1481 442 645
204 5134 1595
204 473
204 1595 396
204 1575 2940 1595 4445
204 2254 1167 2940
204 2940 4922
204 1595 1595
209 4992 4966 4967 4215 620 1180 4992 802 5072 1768 4999 4966 4992 5000 2484 5001 3896 4992 5000 4966 4999 4967 3591
209 5000 4999 294 441 2296 4114 441 2746 5001 4967 4966 4999 4992 802 2994 4966 2017 1597 5001 1927 2141 1159 850 3630 163 1524 4966 4967 802 4999 5000 3623 466 2345 5000 5001 4967 4966 1719 2394 2613 733
209 553 1208 4966 4992 452 2404 4266 4431 4584 2476 4966 4967 561 2994 5001 441 1377 4727 3999 802 4999 4992
209 4992 4966 4967 4215 620 1180 4992 802 5072 1768 4999 4966 4992 5000 2484 5001 3896 4992 5000 4966 4999 4967 3591
209 2676 5000 4967 4966 4992 5001
209 5000 4999 294 441 2296 4114 441 2746 5001 4967 4966 4999 4992 802 2994 4966 2017 1597 5001 1927 2141 1159 850 3630 163 1524 4966 4967 802 4999 5000 3623 466 2345 5000 5001 4967 4966 1719 2394 2613 733
209 553 1208 4966 4992 452 2404 4266 4431 4584 2476 4966 4967 561 2994 5001 441 1377 4727 3999 802 4999 4992
210 4752 5139
210 733 2686
210 5139 4752
210 1207 1191
210 4752 607
210 733 2686 4752 2686 4752
210 2686 1290
211 1840 2586 1008
211 1840 2586 1008
211 538 1071 4548
211 4271 1190 4271 4879 4271
211 4271 1190 4271 4879 4271
211 1066 590 3135
211 538 1071 4548
212 832 5024
212 2449 2222
212 832 5024
212 701 4825
212 701 4825
212 701 4825
212 2449 2222
215 5050 1139
215 1139 2487
215 1713 957
215 2487 1392
215 4402 1042 4402
215 4904 2928
215 2487 2487 1139 2487 1139 2487
215 5424 4402
215 4402 4402 540 5274
215 2487 2487 759
216 733 803
216 803 1856
216 803 803 803 803
216 803 803
216 5409 5157 5409 5285
216 803 803
216 5157 4698
216 803 3624 803
220 733 2656 151 200 151 1153 1153 2409
220 733 3721
220 207 2656 5116
220 733 2656 151 200 151 1153 1153 2409
220 207 2656 5116
220 733 3721
220 733 2656 151 200 151 1153 1153 2409
223 2739 1929
223 2409 2168 1380
223 2739 1929
223 2409 2168 1380
223 2409 2168 1380
223 2739 1929
223 2409 2168 1380
230 535 1149
230 1734 858
230 621 316
230 858 2751 1151
230 1734 858 1734 1734 858 1734 858 1734 1151 1734
230 858 1191
230 1088 858
230 1734 858 1734 1734 1708 1734 1734 858
230 1734 1734
230 1734 858 1734 1734 1734 1627
232 1721 795 3391 3958 795 896
232 634 896
232 1721 941
232 3958 3958 3958
232 3958 795 1721 1721 267 1721
232 795 1721 1737 5411
232 4417
232 3958 619
232 1721 3958
232 795 1721 3958 483 3958 1721 3958
233 1033 3365
233 1187 4228
233 119 3282
233 185
233 4811 1557 733
233 3282 3232
233 3955 5219
233 4811 5061
233 3766 1054 4811 142 3851
233 1303 1303 2038
234 645 3040 3831
234 645 2672 3984 3831
234 3984 3831 1821 645 3984 3831
234 645 581
234 2255 978 2255 581
234 645 978 3831 3831 2614 4670
234 2063 645 3040 978 3831 645
234 2063 3831 2255
234 3831 1821 4680 1821 645 3984 3831 1821
234 1629 3831 3831 581
235 1073
235 2156 2156 1190 639
235 437
235 1953 1646
235 1105 44
235 2172 5103
235 1073
240 338 4577
240 549 776 570
240 570 3600 3957 4027 74 323 1112 114
240 570 3600 3957 4027 74 323 1112 114
240 549 776 570
240 3972
240 338 4577
241 4270 1002
241 109 1113 1107
241 847 1002
241 109 1113 1107
241 847 1002
241 4270 1002
241 3247 1487
243 1151 2203
243 1245 1245
243 1245
243 142 469
243 1245 369 1012
243 63
243 1245 1245
248 734 1852 68 4375 1041 513 158 301 3851 471
248 215 3600 301 883 990 656 4441 1756
248 1852 1250 625 2418
248 215 3600 301 883 990 656 4441 1756
248 734 1852 68 4375 1041 513 158 301 3851 471
248 1852 1250 625 2418
248 215 3600 301 883 990 656 4441 1756
251 1008 1545
251 5351
251 3921 2960
251 1012 5354
251 1012 5354
251 1008 1545
251 851 4968 4586
252 3304
252 1162 1030
252 4132 791
252 1162 1030
252 1162 1030
252 3304
252 4132 791
253 1079 2185
253 2760 4364
253 1648 4203 2037
253 4904 290 1381 725
253 2760 4364
253 4904 290 1381 725
253 1079 2185
254 733 4976
254 4788 3293 4788 3293 4788
254 4976 3293 4788 4788 3293 1702 632 1183
254 733 4976
254 4976 3293 4788 4788 3293 1702 632 1183
254 4788 3293 4788 3293 4788
254 733 4976
255 1741
255 3795 1276 970 1483 654 970
255 1741
255 970 3625
255 3795 74
255 3795 1276 970 1483 654 970
255 970 3625
262 2551 4655 4655 1651 4285
262 4655 1651 1651 1734
262 3703 4655 2409
262 1088 4811 142 373 645
262 3703 4655 4285 4655 4655
262 3703 1088 4655 3703
262 3703 3703
262 2409 3409 1835 1088 1088 4285 1088 4285
262 4285 3703
262 4655 3703
263 1547 5240 2466
263 2458 3410 5212 1992
263 4716
263 1191 525
263 4979 4902
263 3410 1547
263 3410 2458
263 4445 4716 4902
267 56
267 4668 806 1090
267 4679 4682
267 4668 806 1090
267 56
267 4679 4682
267 4668 806 1090
268 3451 872 439
268 373 2586
268 733
268 3321 3451 3330 3129
268 733 1183
268 4539 2409
268 4539 2662
268 4539 645 1088 4539
268 3451 1854 315 3330 1854
268 4539 1854 3135
274 1025
274 1285 1600 4104
274 715 798 2616
274 1285 1600 4104
274 1025
274 715 798 2616
274 715 798 2616
277 4838 5161 525 4838 2279 3246 901 525 2279 4838 2451 2279 2100 4648
277 5161 1533 5133 3102 358 1296 4886
277 5161 4838
277 1940 2760
277 1079 4838 3533
277 5161 645 4838 367
277 716 1940 2222
277 1940 3050
277 4838 147 3158 4760 5161 2760 2279 5161 2279 4648
277 1152 2279 4119 4648
279 905 905
279 479 1001 905
279 1616 2535 5286 905 734
279 1616 713 4203 431
279 4943 234 4586
279 734 905
279 432 984 1616 432 905 2346
279 1616
283 3289 2070 525 3289
283 426 4580
283 3140 4346 1153
283 369 2102
283 1167 4580 4580
283 4801 5220
283 710 2968 2944 4580 2025
283 4944 3289
283 4944 1000
283 3626 843 1202 525 525 369
287 4377
287 1354 1991
287 733
287 396 1991
287 733
287 4377
287 396 1991
288 4603 4603 1139 2139
288 4603 4365
288 4603 4603 4603 4603 1640 151 4209
288 525 4613 787 3736 787 787 503 4603 625 762 2409
288 3644 844
288 2123 473 4603 1797 4905 4613
288 4603 4603 1797 4603 347 571 4603 938 4603 4613 1139 4603
288 2409 4613 4603 986 4603
288 473 4613 4603 2135 253 4603 5050
288 5381 607 4613
289 4896 619 734 1061
289 4451 460
289 1205 4660
289 4451 840
289 4451 460
289 4451 840
289 734 733
290 662 662
290 4055 1332 555
290 702
290 662 662
290 662 662
290 702
290 4055 1332 555
295 733 697 697 1732 4637 697 4909 4582 697
295 733 697 697 1732 4637 697 4909 4582 697
295 733 697 697 1732 4637 697 4909 4582 697
295 733 697 697 1732 4637 697 4909 4582 697
295 733 697 697 1732 4637 697 4909 4582 697
295 733 697 697 1732 4637 697 4909 4582 697
295 733 697 697 1732 4637 697 4909 4582 697
297 3905 733
297 4299 3565 4299 4299 4909 4299 2520 4299 2897 3569 995
297 1070 4299
297 3565 4299 1609 1070
297 1609 373
297 1395 733
297 2223 3838
297 1609
297 4299 4299 2520 4299 4299 4299 3565 1609 1922
299 733 2193 2783 1910 2218
299 733 2193 2783 1910 2218
299 733 2193 2783 1910 2218
299 733 2193 2783 1910 2218
299 733 2193 2783 1910 2218
299 733 2193 2783 1910 2218
299 733 2193 2783 1910 2218
303 844 5439
303 2053 891 574
303 4816 3660 2885
303 733
303 4995 2811
303 3660 3524 1946 3660 1188 1612
303 5070 2407
303 4010 556
303 441 662
303 4336 1685
304 938
304 886 723 1081
304 2028
304 1166 1053 4321
304 5076 4534
304 82 636 2493
304 645 912
304 3175 3175
304 5238 207 2033 900 645 1764
304 5097 2028
305 1263 3 313
305 1235 1166 4733 650 734 4346 1140 2006 1093
305 3094 2421 138 538
305 4548 2421 4886
305 2848 3944
305 4550 3549 3094 573
305 1093 2534
305 157 456 4640 1564 4011 953 859 4921 4516 535 4771
305 4617 154
305 2536 476 1137 2848 414 3094 2584 3802
309 699 1151 1559 632
309 4800
309 699 1151 1559 632
309 4800
309 699 1151 1559 632
309 699 1151 1559 632
309 4800
311 2615
311 179 1231
311 2409 746 1231
311 5201 1424 520
311 5239 4347
311 4347 1231
311 1231 4347
312 4623
312 2403 4006 886 425
312 4623
312 2403 4006 886 425
312 584 305
312 1042 4623
312 4623
313 5364 5364 5364 3028 3531 3028
313 3028 5364 5364 3028 624 5364 4092 3028 5364 5364
313 3028 5364 5364 3028 624 5364 4092 3028 5364 5364
313 3028 5364 5364 3028 624 5364 4092 3028 5364 5364
313 5364 5364 5364 3028 3531 3028
313 5364 5364 5364 3028 3531 3028
313 5364 5364 5364 3028 3531 3028
314 1489 985 634 634 634 1481 634 3731 646 3267 1759 2164
314 2409
314 2409
314 2409
314 1489 985 634 634 634 1481 634 3731 646 3267 1759 2164
314 1489 985 634 634 634 1481 634 3731 646 3267 1759 2164
314 1489 985 634 634 634 1481 634 3731 646 3267 1759 2164
316 2123 4093 867 632 2123 3400
316 2123
316 2123 4093 867 632 2123 3400
316 2123
316 2172 1209
316 2172
316 2172
317 5421
317 5421 5421 557
317 491 3838
317 491 3838
317 5421
317 5421 5421 557
317 5421
318 2377
318 1676 3600 1676 1190 1621
318 1442 704 145 769 2904
318 479 261 418
318 1442 704 739 762 1676 2900 3486 2232 4170 580 644
318 1442 704 1564 4170 1676
318 1442 704 739 762 1676 2900 3486 2232 4170 580 644
319 858 790 305
319 5208 305 1055
319 4697 1234 1444 4122
319 858 790 305
319 5208 305 1055
319 4697 1234 1444 4122
319 858 790 305
324 2938 1332
324 948 1806
324 2938 5249
324 1806 1806
324 2403 441
324 2938 1332
324 2938 5249
325 733 2191 578 870
325 1560 1335
325 947 516
325 1560 1335
325 1560 1335
325 733 2191 578 870
325 947 516
328 544 881 5447 1151 881 896 834
328 2165 872 352 1400
328 1622 881 245
328 544 881 5447 1151 881 896 834
328 2165 872 352 1400
328 2165 872 352 1400
328 1622 881 245
332 5061
332 5061
332 2510 2276
332 4677
332 1545
332 1545
332 4677
336 525
336 3301
336 624 615
336 1767 3301
336 1676 1676 739 52 963 4465 3301
336 1052 454
336 775 4813 3388 3301 373
336 4178 3301 2484 1190
338 5366 2397 1423 620 407 1560 621 4650 4890
338 4814 1269 5391
338 142
338 839 881
338 326 938 1423
338 4260 142
338 739 3991 1897 474 20 645 609 644
338 6 1039 674 482 1441 1177
338 90 875 1112
338 1273 717 1991 1097
351 2570 3525
351 2570 1042
351 3525 3525
351 2570
351 2570 3525
351 2570 1042
351 2570 3525
352 2460 468
352 4475 448
352 4438 134
352 4475 448
352 4438 134
352 2460 468
352 2460 468
353 976 3170 5101 3170 601 1049 583
353 4444 3170
353 976 125 4516 41
353 3170 5101
353 645 601 125 3170 4444 2055 2413 3073 3170 4238 20 266
353 189 5101 3170
353 4516 4894 3170 4423 3170 1679
353 3170 1230 3170 4714 2234 1622
353 3170 150 125 5159
353 3170 339 601 3170 3170 1276
354 733 3398 733 1719
354 2610 1858
354 733 3398 733 1719
354 2610 1858
354 733 3398 733 1719
354 2610 1858
354 2610 1858
359 1157 1760 1760 1157 801 1933 1157 455 1191
359 1760 1157 2226 1157 1760
359 455 1760 1157 1760 1157 1760 293 1760 733
359 1157 1760 1760 4314
359 1760 1157 1157 2644
359 455 1760 1157 1760 1157 1760 293 1760 733
359 1760 1157 1157 2644
361 5239
361 1231 4347 5239
361 225 269 4875 5239
361 515 397
361 3605 4774
361 1582 3731 3605 969 1612
361 984 4655 447 3916
361 4099 5043 1958 236
361 3605 669
361 1575 1696 873 639
365 2694 2889
365 2889 645
365 733 2889 2889
365 2889 28
365 1055
365 1010 2889
365 1196 2889 2889 2889
365 28 2694 2889 2889
367 5435 5435
367 3733 3731 2524
367 5435
367 3733 3731 2524
367 5435
367 5435 5435
367 5435 5435
368 1734 41
368 3954 312 1573 1013
368 4949 1013
368 497 4807 2753
368 4807
368 5284 4260
368 3954 312 1573 1013
369 358 2765
369 3213 3178 1290 678 634
369 4192 2955 3683 1290
369 2203 1129
369 3213 2246
369 644 1290
369 3558 1265
369 2594 4908 2594
369 163
369 1241 1241
372 733 4554
372 733 1183 2657 3542 733
372 733 733
372 733 4554
372 733 733
372 733 1183 2657 3542 733
372 733 4554
373 563 654 441 1151
373 785 5004
373 733
373 785 5004
373 563 654 441 1151
373 2 4715
373 1394 63
374 2161 645
374 2659 4745
374 2659 4745
374 2161 645
374 1970
374 870 936
374 870 936
378 52 389 3629 569 2336 2418 3957 4441
378 2713 4147
378 1734
378 2713 392 1764
378 4246 2616 36 1265
378 151 127 2713 2811 1734
378 1869 3102 645 733
381 1009
381 2655 3230 817
381 2324 503 2827
381 817 3230
381 4604 3064
381 3387 2669
381 3230 2655 817 3230
381 3688 2381
381 1610 4433 358 1585
381 3230 4604
382 2872 1183
382 946 230
382 1092 533
382 733 1468
382 369 645
382 4640 441 645
382 946 441
383 5220 1076 58
383 710 4344
383 4332 325
383 1069 13 2257
383 2257 2257 5220 2973 2257
383 468 645
383 1566 1633
384 441 441 2993
384 985 985
384 985 2471 985 1529 2471
384 274 1330 1330 594
384 881 441 881
384 2993
384 3559 985 274
384 2053 4246 3842
384 985
384 441 1220 867
389 3182 2129
389 1149 2129
389 1149 2129
389 2182 3182
389 2129
389 2182 3182
389 3182 2129
394 4184 90 674 11 90 4840 4840 90 90 4840 5115
394 4840 90 4840 4840 90
394 1038 90 4341
394 90 4264 90
394 5418 90
394 90 5418
394 5418 90 90 5418 11 5418
394 90 4840 90 90 1944 1944 90 1511 4840
394 1944 4840 90 4840 4459
394 4015 697 90
395 2789 2823 2789 560 2789
395 2789 2823 2789 560 2789
395 3257 1535 4514
395 2789 2823
395 2823 2789 2668 2789 2823
395 2789 2823 2122 2789 2823 2243 2013
395 2823 2823 2789 2823 4902 2823
396 733 4142 2020 4389 442 2020 1082
396 733 4142 2020 4389 442 2020 1082
396 733 4142 2020 4389 442 2020 1082
396 733 4142 2020 4389 442 2020 1082
396 733 4142 2020 4389 442 2020 1082
396 733 4142 2020 4389 442 2020 1082
396 733 4142 2020 4389 442 2020 1082
397 2652 1566 811 5145 5116
397 2409
397 4332 1798
397 2409
397 4332 1798
397 2652 1566 811 5145 5116
397 2409
399 218 3731
399 645 373 882 90 645
399 645 1192 1560
399 218 3731
399 5477 5006
399 645 373 882 90 645
399 997 1971
404 3864 3864
404 3864 3864
404 3864 3864 3864 3864 3864
404 3864 3864 3864 3864 3864
404 3864 3864
404 3864 3864
404 3864
405 5209 5209 5409 5410 5209
405 3533 4387 2781 5209 5209
405 4470 5111 3638 5111 1279 4470 5111 4815 4815 3638 4815 4470 5168 4470 5111
405 4060 3647 5209 4957 5209 5209
405 4815 4470 5111 4815 4470 5111 3638 2462 4815 3638 5111 4470 5111 4815
405 4060 4470 570 902 5111 1378 2411 4060 5111 5209 5210 5209
405 4470 4470
405 5209
405 5111 4815 4470 3638 645 5111 4376
408 1930 1930 4178 1930 1930
408 1930 1930 4178 1930 1930
408 1930 359
408 1930 1930 2037 1930 2037 2037 1930 1381 1930
408 20 1128 1526 2226 1930
408 1930 1930 1930 2037 1930 1822
408 1930 1930 1930 4925 1930 1930 2168 2448
410 2409 2975
410 4607 3274 5074 1378 3274
410 4181 4181 4607 3274
410 4181 4607
410 3274 4607 4491
410 327 134 1296
410 4607 3983 1764
410 4491
410 733 4181
410 4607 3274
422 4223 479
422 3337 3094 1973
422 4190 1465
422 4223 3094 770 1041
422 4190 5043
422 473
422 1114 768
422 4974
422 1417 3094 4226 4223 1465 4882 2013 4306
422 3094 4226 207
423 834
423 702 2520 5042 1563 1543
423 4103 570 21 74 4809
423 4103 570 21 74 4809
423 702 2520 5042 1563 1543
423 702 2520 5042 1563 1543
423 834
425 3863
425 796 2419 1348
425 3863
425 796 2419 1348
425 796 2419 1348
425 3863
425 796 2419 1348
428 1734 4522 1088
428 4199 2479 5115
428 1378 4059
428 693 5115 381 5115
428 2985 360
428 693 5115 381 5115
428 1052 5115 90
429 1721 2409
429 1721 1721
429 1721 1721 2409
429 733 2448
429 1721 1721
429 1721 2409
429 1721
432 5382 733
432 5378 5378 5382
432 5382 5378 5382 5382 5378
432 5378 880 461
432 5378 5378 5382 5378
432 5378 5382 5382 5378
432 1313 5378
432 461 5378
434 3770 3770
434 3770 3770
434 3770 3770
434 3770
434 3770
434 3770 3770
434 3770 3770
435 4885 3411
435 2961
435 938 2308
435 1784 3623 1581 1092 800 1187
435 1581 786 2961 1167 1581
435 621 4398 4082
435 1724 1687
435 4398 2910
435 1581 1092 4398 5150
437 875 3435
437 2097 1734
437 904 2313
437 1762
437 1234 1869
437 2687 4406 1734
437 2431 2483
437 369
437 3553
438 1564 3486
438 441 1171 929 3967
438 827 197
438 482 1116 4349 4586
438 672 3294 4420
438 748 2104
438 1336 367 4789 5063 90 327 3294
438 3702 3294
438 1944 504
440 734
440 272
440 0 116
440 359 292
440 403 292
440 2968 992
440 135 5134
440 4886 466
440 662 410
440 4016 4729
442 1151 733
442 2409 2603 2409 1318
442 632 2111
442 733 4850
442 2409 2603 2409 1318
442 1151 733
442 733 4850
446 3582 804
446 107 1211
446 4590 3423 1211 3423
446 3423 1989
446 1211 3423
446 3423 1989
446 1211 107 1211
454 4692 4692 4510
454 733 4198 516
454 2272 1775 1775 2573
454 2112 3771 2112 3771
454 2112 3771 4692 733
454 4692 3771 2112 733 4485
454 4692 3771
454 1524 2550 1775
454 2112 3771 3771 3771 5081 4692
454 2112 3771 2112 3771 2112 3771
457 1260 1403
457 1765 1220 1466 3308
457 1260 1403
457 4535 4838
457 4322 4387
457 1403 1403 754
457 61 4909
458 3874 836
458 4025 1294
458 1496 3271 456
458 325 2168
458 1908
458 1649 3753
458 1908
459 645 775 632 489
459 645 775 632 489
459 645
459 645
459 645
459 645 775 632 489
459 645
460 1586 2016
460 2030
460 1276 3389
460 2030
460 2409 2975
460 1276 3389
460 1586 2016
463 3012 819
463 3012 819
463 3012 819
463 3012 819
463 3012 819
463 3012 819
463 3012 819
475 439 3993
475 2691 3299 1715
475 1017
475 1017
475 439 3993
475 2691 3299 1715
475 1017
476 3260 2941
476 3260 2941
476 3260 2941
476 3260 2941
476 3260 2941
476 3260 2941
476 3260 2941
481 2155 190
481 2187
481 2187
481 1469 1737
481 1018
481 2155 190
481 2895 1469 1206 1018 1018 4346 2155
482 661
482 164 3600 261
482 5401
482 164 3600 261
482 5401
482 661
482 661
491 2867 2460 766
491 2070 3399 2409 2409
491 4620 2455
491 645 2055
491 1434 5144
491 2719 645
491 4423 491
491 4548 411
492 4564
492 4229 2460 240 415
492 2207 276
492 4218 1065 4218 1064
492 3211 5149
492 2207 2492 2207 2207 3470 430 2207 240
492 4814
492 869 2207
492 2207 1189 3662 1509
492 2207 2207
497 1403 1403 1187 1403 4892 1187 1092 1092
497 2358
497 1403 1187
497 1403
497 1325
497 1403 1187 1403
497 1403 1403 1187 1403 4892 1187 1092 1092
499 1532 973
499 535 738
499 1670
499 352 825
499 1532 973
499 352 825
499 535 738
501 1645 1645 1645 1645 1645 1645 825 1645
501 1645 1645 1645
501 775 739
501 1645 5214 503
501 1645 2446 1645
501 1645 5214 503
501 1645 2446 1645
511 1378
511 3062 156 2695
511 3055 733
511 3062 156 2695
511 3062 156 2695
511 3055 733
511 1378
512 2226 96 5222
512 610
512 623 3485 4582 4336
512 2226 96 5222
512 2226 96 5222
512 610
512 623 3485 4582 4336
515 3899 4076 3899 3899
515 3899 4076 3899 3899
515 3899 4076 3899 3899
515 3899 4076 3899 3899
515 3899 4076 3899 3899
515 3899 4076 3899 3899
515 3899 4076 3899 3899
517 732 475 3596 1941
517 4137 5020 4705 1866 898 933 1585 734 764
517 919 2910
517 145 2341 2341 3921 2341
517 3610 2077 1664 635 1265 352 5496
517 2341 1497
517 2488 825
519 637 693 4858 4858
519 5224
519 3489 3489 516 5092 2442 516 3078 431 1878
519 516 1151
519 5092
519 637 1151 373 637
519 5171 4546 451 2101
519 1151 373 3150 3150
519 4050 637
519 2844 516 3489 4632 3647 829 3658 3489 516 516 3489
520 2322 2877 2675
520 2675 503 3134 2277 2976 2876 2690
520 2675 2786
520 2675 272
520 1353 2463
520 3006 2690 751 2786
520 2675 2874
520 2675 369 2675 4283
520 3024 2690 2874
520 3006 2073 3189
522 1524 3731 3542 733 1719
522 767
522 767
522 767
522 767
522 1524 3731 3542 733 1719
522 1524 3731 3542 733 1719
524 4586 431 4757
524 3576 1190
524 2253 4694 2972
524 4757 3217 2972 503
524 2097 4757 1953
524 4757 4757
524 5349 4146
524 4757 3576
524 2972
524 4757 4757 2972 5227 1194
530 1360 1211 4577
530 1360 1211 4577
530 4459 2628 5222
530 2122 1576 4438
530 439 4982
530 2433 709 1273 2013 2506 1311 515
530 5128 1387
545 657 15 404
545 1579 1262
545 2456 5063 1151 508 830
545 657 15 404
545 2456 5063 1151 508 830
545 1579 1262
545 657 15 404
547 3801 734
547 2534 1093
547 3801 2760 3801 3801 3801
547 2534 1093
547 3801 2760 3801 3801 3801
547 3801 3925
547 3801 734
550 4530
550 1116 410
550 1116 410
550 4530
550 1116 410
550 1116 410
550 4530
551 1088 1765 632 1149 1265 1904 37 1467
551 2409 1872
551 1088 1765 632 1149 1265 1904 37 1467
551 2409 1872
551 1088 1765 632 1149 1265 1904 37 1467
551 1088 1765 632 1149 1265 1904 37 1467
551 2409 1872
554 675 164
554 1708 4295 4295 1708 4295 1708 1708 4438 881
554 4295 4295 1708
554 4295 1708
554 4295 1708 4295 4295 4295
554 4295 1708 4295 1708
554 4295 1708 4295 4295 1708 4295 4295
554 4802
554 1685 2455
566 96 710 1086
566 4045 654
566 425 416
566 1095 4750
566 1564 2429 4119 396
566 2507 762
566 5103 4459
567 632 1769
567 632 1769
567 2038 3122
567 751 1444
567 632 1882
567 2038 2188
567 751 1444
568 733 733 5154 3686 4892 1187
568 3686 5154 708 5136 5136 1826 3579
568 708 5136 5136
568 5154 3686 1052 5154 708 5136 5136 4438 5154 1826
568 5136 5136 4417
568 5154
568 3686 708 5136 5136 5136 3686 5154 3516
568 699
568 5136 4417
568 3686 708 5136 5154 3686
575 3838 4410 1191 5212 2057
575 3838 4410 1191 5212 2057
575 3838 4410 1191 5212 2057
575 3838 4410 1191 5212 2057
575 3838 4410 1191 5212 2057
575 3838 4410 1191 5212 2057
575 3838 4410 1191 5212 2057
578 1107 4385
578 2460 2581 261 261
578 4153
578 3454 538 442 3668 2240 468 1210
578 1123 1042 4761 628 1107
578 1162 1372
578 1627 1107
579 1382 34 1190
579 1190 973
579 1190 973
579 1382 34 1190
579 1190 973
579 1191 4445
579 1191 4445
593 733 4462 1764 645
593 2244 3676 404
593 733 733
593 1764 645
593 645 2208 1764
593 733
593 733 3210
593 3440 321
593 733 1557
593 117 63
596 5152 2671 369
596 4631 5152
596 5152 2671 369
596 4631 5152
596 5152 2671 369
596 4631 5152
596 4631 5152
597 473 439 3458
597 3961 3936
597 352
597 686 1206 646 2904 1079 5222
597 1433 1435
597 1433 1435
597 3961 3936
599 3664 3664 3664 3664 3664 3664
599 3244 3244
599 3244 3783
599 3244
599 3244 3783 3244
599 3244 3783 3244
599 3244 3244 3244 3244 3783 3244
599 3244 3783 3783
599 2597 1848 519 1848 1891 3783 3244 3244 3244 3244
599 3783 3244
600 2423 373 180 2423 2423 1620
600 2423 2423 2423 1764
600 2423 2423
600 2476 3838 108 2243 621
600 1935 2418
600 2423 702 2423 2423 2423 2423 442 90
600 2423 3149
600 2423 2423 442 2423 3838 1939 2423 5034 442 2423 3838 202 714
600 1642 2423
600 408 2423 2423 2582
601 185 3480 524
601 4019 1149 3705
601 789 4179
601 185 3480 3987 1413 1585
601 4019 1149 3705
601 1391 1098 1413 1585 1391
601 1585 1391
602 3073 608
602 645 4758 2729 1685 4758
602 645 4758 2729 369
602 4758
602 369 575
602 3115 4758 2999 4758 1833 2729
602 2729 4317
605 1900 2551 198
605 889 889
605 5034 4087 3572
605 5034 4087 3572
605 1900 2551 198
605 889 889
605 5034 90
607 824 606 97
607 5027
607 2013 2455
607 2013 2455
607 824 606 97
607 5027
607 5027
608 4072 3791
608 823 163 535
608 2409
608 1348
608 823 163 535
608 1209 880 734
608 4072 3791
609 640 5241 4769
609 1461 4261 4568 1207
609 4977 1616
609 1461 4261 4568 1207
609 1461 4261 4568 1207
609 4977 1616
609 640 5241 4769
619 1472
619 1472
619 263 918 4596 1271 734
619 4339 734 1338 5174
619 4929 3814
619 4339 734 1338 5174
619 263 918 4596 1271 734
621 2409
621 2409 2409 2977 2977
621 2409 690 2267 2409 2409
621 2409
621 2409 690 2267 2409 2409
621 2409 2409 2977 2977
621 2409
631 27 490
631 244 2651
631 27
631 27
631 27 490
631 244 2651
631 27
634 4423 491 384
634 5162 4173
634 2506 4173
634 4425 3755 4173
634 1265
634 5162 4173
634 4173
634 645 4173 2721 5039 2654 4173
634 442 4173
634 4173 4173 5162 4173 5162
639 4269 632
639 632 632 2907 4269 632 2907 4269 4269 632 407
639 632 2907
639 4269 1067 2968 2907 1234 4269 2907
639 3553 3259
639 632 4269
639 632 2907 4269 632 2907 632 2907 4269
639 632 2907 4269 632
639 648 4269 2680 632 4269 632 777 1362
639 632 2907 4269 632 4269 632 2907 4269
641 5046 1332
641 2465 5195
641 2465 5195
641 337 4441
641 2353 4571 1190 4664 2353 3703 1740 2353
641 2465 1615
641 1615 5394 1615 5424 1615
641 2465 516
641 2465
641 4441
645 1835
645 2808 1835 1835 1835 3411 2808 1835 4125 642 1835 4125 3216 4124 2808
645 4125 2808 1835 2808 2808 1835 1885 4125 2808 1835 4125 3216 2808 1418 2381 5191 3216 2808
645 1835 4125 2808 1835 2680 2808 3216 2808 1835 3215 3216 1815 1558 2440 2808
645 5240 3216 1835 3216 5103 3215 3216
645 1717 3463
645 1688 3216 1418
645 1835 2808 1835 1835 468 3838 3897 4364 3897 2808 1418 3216
645 2381 1835 4604 2381 1835 4406 3216
645 1835 2808 1835 1835 2808 2680 4125 1835 2808 1835
646 93 282 93
646 3608 93
646 369 1560 302 1514 490 42 240 1560 870 72
646 11 2249 5411 503
646 21
646 282
646 92 1262 3600 21 1560 805
646 2550 302 4363 18 3985
646 412 282 2919 1102 318 616 1055
646 7 3823
647 5388 5388
647 3935 635
647 484 635
647 1834 3935 635 651
647 1834 3935
647 1834 3935
647 1834 635
647 1834 3935
647 1834 3935 2471 3935 297 635
649 2377 4170
649 145 466 301 5348 495
649 70 2574 1361 1225 2409
649 1472 70
649 5380 301
649 4438
649 404 600
649 3450
650 1929 1929
650 4283
650 4283
650 1929 1929
650 4283
650 1929 1929
650 1929 1929
651 1151 2472 963
651 1587 3259 733
651 1587 3259 733
651 4576 74
651 4576 74
651 2183 408 1373 5135 142 4029
651 1151 2472 963
652 3722 1090 4681 2336
652 3722 3722 4709
652 3015 2429 3710
652 4852 2644
652 4938 76
652 4108 5274 152
652 3722 953 3722 1917
652 4893 313
652 1105 3126
652 3722 569 3722 340
654 1091 2040
654 4025 377
654 124
654 201 3896 4697 5414
654 1191 4697
654 2550 313
654 5526 5526
654 5015 2288 5020 3399 733
654 3889 5206
657 632 535
657 373 825
657 845 40 3527
657 632 535
657 845 40 3527
657 373 825
657 632 535
659 1689 4531 1689 866 4262 1689
659 1689 4531 1689 866 4262 1689
659 4531 1689 1689 1084 1689 5293 1689 1689 2228 1509 1689
659 1689 4531 1689 866 4262 1689
659 1689 4531 1689
659 4531 1689 1689 1084 1689 5293 1689 1689 2228 1509 1689
659 1689 4531 1689
661 311
661 1634 201
661 5477 435
661 311
661 279 279 2616 599 550
661 279 372 1008
661 1634 201
663 3614 2537
663 3614 2409
663 3614 5373
663 2537 586
663 2418 4451 3324
663 1084
663 4451 3324
663 1339 2267 569 4846
663 3324 2418
663 3614 3324 420 3324 3957 3324
682 4614 3062 1378 1378 2409
682 2409 2407
682 4614 3062 1378 1378 2409
682 1276 1276 645 2692 2885 632 2690 1151 1149 947 632
682 3062 1378
682 4614 3062 2263 3551 1347 4614 1708 975 4614
682 4614 3524 3978 1709
690 1088 1151 254 1088 439 488 4110 1082 699 4025
690 1088 1151 254 1088 439 488 4110 1082 699 4025
690 1339 2463
690 733
690 1088 1151 254 1088 439 488 4110 1082 699 4025
690 733
690 1339 2463
691 2000
691 4679 3247 1347
691 1530
691 4678 1989
691 3650 889
691 903 1476
691 3652 3652 3652 3247 3652 3260 3247 818 573 3652 3676 4650
691 1985 210 865 1117
691 3247 1042 4441 3429 1476 1313 4195 3652
691 5406 623
693 3395 3395 3491 3491
693 3491
693 4105 4105
693 3395 4644
693 2791 3395
693 3395 4418
693 3395 3395 2736 4418 3395
695 4896 4824
695 1364
695 1151 4130 1151 2139
695 1000 2035
695 4679 3193
695 2451 3396
695 525 569 403
695 4847 2139 1000 3043
695 5390 3396 2901 4356 2139 4838
695 525 1198 503
699 831
699 831 2085
699 1509 2085
699 466
699 831 2085
699 466
699 831
704 3723 1932 3723
704 1234 140
704 3723 653 3723
704 2153
704 3094 3094 3094
704 3723 2207
704 4308 2668 3723 2612 3723 3723 5451 1491 3257
704 3723 653
704 3723 2153 3723 2153 3723
704 3723 2207 3723 1932 3723 2961
707 1489 5308 674
707 4875 3347
707 3761 1489 471 3921 1269 3347 2573 1502 3347
707 4219 1332
707 2586 585 4219 516
707 5401 5401 1558 659
707 2591 373 334 659 628 45 2591
707 45 5191
707 5208 2550 2591 2618
707 397 2046 2591 786 897 45 3347 471 1840
708 1221 4190 2078 3706 987 4341 1676 548 1152
708 1568 2222 4190 4108 3955 491 1676 2078 739 4190 828 2055
708 4190 4190 4655 2946 4882
708 4190 2946 4798 665
708 4190 2760 2946
708 2481 4808
708 4852 2946
708 1676 4190 2946 953 952 3706 3260 1001
708 4190 5367 2946 1153 4026
708 4190 2946 4190 1576 4797 4190 1789 987 4190 2946 1126
710 1626 5282
710 2045
710 176 2409
710 1626 5282
710 1626 5282
710 2045
710 176 2409
712 632 4909
712 2062 3126 1590
712 160 431 67 1577
712 632 4909
712 2062 3126 1590
712 160 431 67 1577
712 1902 733
733 5310
733 3793 3782
733 3226 486 4505 3978 712 503
733 5310 5310 5310 4505
733 4505 1402 3450 4010 3226 4505
733 3793 5310
733 3793 5254
733 3226 699
733 4368 1954
733 4505 4276 1917 245 5310 3847
734 4842 359
734 4833 5294 68
734 1135
734 2739 2992
734 1135
734 2739 2992
734 4842 359
736 5313 4145 4422
736 5313 1511 5313
736 5313 1511 1511 504
736 4422 5313 4223 5313
736 130 414 180
736 5313 5313 4673 4271 450 478 4711 327
736 5313 5313 2196 620 881
736 1882 3508
736 3600 1061
736 5313 1563 5313 2368 5313 5313 5313 1511
737 613 328 3329
737 2115 234
737 4420 4596
737 333 506 3329
737 1411 4760
737 0 738 339
737 4459 437
737 4819 425
737 3329 423
738 3009 2824 3298 4956 2998 3009 3193 2164 4956 4846 4956
738 4010 1940
738 1998 2998 3009 3009 5073 5073 2998 3009 3193
738 4956 2998 3009 3009 3298 1885 2998 3298 3298 2830 4956 3009 3298 2998 3009 3298 3193 2888 41
738 2998 3298 4956 3009 3298 2042 4956 2893 4956 1865
738 5073 4010 3298 2998 3009 3298 5073 5073 1825 2616
738 3298 3009
738 2998 3298 3193 2998 3009 3298
738 1825 3524
738 3009 3298 2998 3009 3298
740 5041 2466 4913 2733 2733
740 1984
740 3269 5088
740 5041 4913 5041 3564 1531 5041
740 4503 2439 4913 4503
740 1151 867 938 1783
740 3269 5041 4743 5041 3269
740 5041 4740
740 5041 5041 4491 2919 5041
740 2466 5041 3269 5041 298 5041 1151 441 2380
742 1664 4423 3139
742 3849 970
742 5359 4304
742 3661 435
742 4199 3934
742 3661 435
742 3849 970
743 645 4048
743 1207 4048
743 645 4048 4048 645 645 645
743 645 4048
743 645 4048 4048 645 645 645
743 645 4048
743 1207 4048
744 3082 4715 4103
744 1276 3389 3954 2167
744 5079 4103 221 2167 1538
744 1276 221
744 5079
744 1886 611 5201
744 5079 3082
744 3082 1657 1079 880
744 1210 880
744 5079 3082 2550 880
746 3659 4355 3659 3659 616 3659 4355 3659 3174 1138 3687 2262
746 3174 2580
746 1582 3659 3659
746 5262 1822
746 3706 3659 5095 3659 3659
746 1023 3659 5095 4246 3659 5095 3659
746 2409 2270 3659 2350
759 1986 107 1332
759 2265 777 1625 5006
759 1986 107 1332
759 2265 777 1625 5006
759 671 5390
759 2265 777 1625 5006
759 671 5390
762 1183
762 3529 632
762 1183
762 3529 632
762 1183
762 3529 632
762 3529 632
763 5107 2508
763 4502 4793
763 68 475 4287
763 1669 373
763 3608 311
763 149 847
763 1612 100
766 4582 615
766 1564 1041
766 4898 5414
766 4582 615
766 4582 615
766 4898 5414
766 1564 1041
769 203 373 3057 2216
769 4737 645 788 373 3057 1647 4737 1578 442 3057 1190 2785 4737 3057 4499 4457 3190 3057 704 358 998 739
769 1139 2078 373 1577 3504 1348 142 2361 1221 3057
769 4737 4117 632 788 3057 788 3057 3057 770 4761 442 194 4737 1978 442 140 838 1412 1049 742 80 3057 442 516 1234 442 2068 3057 142 881 468
769 4737 442 373 144 1760 4737 407 2035 1675 2409 4737 788 3608 1079 3057 981 442 3057 1632 3057 373 1647
769 439 3057 1578 2234 637 1624 3057
769 3057 1301 3057 3057
769 2785 4737 3057 1647 2360 1647
769 3057 3057 1222 140 173 1886 3533
769 2078 3057
773 2409 1090 693 1493 1496 535 904 635 2488 1303
773 2409 1090 693 1493 1496 535 904 635 2488 1303
773 2409 1090 693 1493 1496 535 904 635 2488 1303
773 2409 1090 693 1493 1496 535 904 635 2488 1303
773 2409 1090 693 1493 1496 535 904 635 2488 1303
773 2409 1090 693 1493 1496 535 904 635 2488 1303
773 2409 1090 693 1493 1496 535 904 635 2488 1303
782 1469 3550
782 1469 3550 369 3550
782 3550
782 2407 4103 3648
782 3550 3053
782 3053 3048
782 3550 3550 1276 3389
782 3550 3048 4984 4103
782 3550 4984 418 5074
782 894 286 68
783 132 1445
783 4850
783 1202 4349
783 1130 2550 2069
783 132 1130
783 132 1445
783 873 1559
785 164 4489
785 382 4025
785 712 1263 377
785 752 3983 806
785 712 1263 377
785 91 111 4015 2589
785 111 91
786 4147 5100
786 2267 3761
786 4147 5100
786 5100 5100 5100 2001 5100 2883 5092 1879 643 5100
786 4598 5100 871
786 5100 5092 2594 5100 722
786 635 5100
787 236 971
787 1469 549
787 1579 2483
787 1758 1948 3487 500
787 1445 5019 1258 353
787 4594 516 5274 4279
787 3126 5304 4349
787 5335 5335 4947 1011 465 285 694 2442 205 970
787 2013 1441
787 5335 733
791 997 2450 3908
791 75 2450
791 274
791 3908 75 3908 1081 2862
791 75 2450 75 2450 75 2450
791 75 2450 75 2450 75 2450
791 274
799 4336
799 1477 4051 517 2057 40 2815 811
799 4336
799 414 4558
799 1477 4051 517 2057 40 2815 811
799 414 4558
799 632
802 3361
802 306 2550
802 2793 3403 2793 3403 2793 2793 2378
802 2793 3836
802 2566 2806 2378 2408
802 2793 3836 3403 3611 2793
802 2378 1366 2793 2793 369 3067
802 2793 3836 2793 3836
802 3361 1524
802 2793 3611
806 28 79
806 3675
806 28 79
806 1176 548
806 4977 673 1060 5411 303
806 1176 548
806 3675
809 2108 2108
809 842 563
809 842 563
809 803 1178 2108
809 2108 2108
809 803 1178 2108
809 2108 2108
811 2961
811 1708 3519 2520
811 435 1624 5042
811 5288 5095 190 801
811 2961
811 1708 3519 2520
811 5288 5095 190 801
812 352
812 635 4201 468 337 635 3676 4201 635 4201
812 1207 149
812 373 1207 3340 2621 1785 1727 393 3178 2347 2196 1207 3340 4201 635 36
812 3340 2621 4201 3340 2621 2357 3340 2621 1207 2357 2218 635 1207
812 352
812 4201 2621 3340 1207 635 2621 439 4201 2621 581 4201 2621 796 1467 4201 3340 2621 4201 511 2451 4201 1207
817 2032
817 2032 2637 767 2457 2032 620 2032 4939 243
817 2457 2032 4939 2032 4939 3696 1449 4939 2236 4939 1478 2477 3696 2457 4939 3696 1449 2477 2457
817 4939 951
817 2032 2032 3696 4939 3696 1449 4939 4860 2958 2457 2262 3687 2975 2312 2457 2477
817 2032 4939 3696 2457 3696 2032 4939 4939 3696 2477 2032
817 1449 2032 4939 451 176 2032 2477 3696 2056 1449
820 4298 1150 4298
820 1584 522 831 4298 3965
820 4298 386 506
820 2732 4756
820 831
820 2549 3842
820 1061 4670
820 4298 4759 4905
820 4298 4298 4298
830 3857 359
830 3619 949 305
830 4119 4437
830 760 41 4170
830 3619 5049
830 3857 2759 760 5049 3857 410
830 5049 4533 923
830 69 5049 3619 728
833 3846 5294
833 3533
833 4442 5222
833 3533
833 3846 5294
833 4442 5222
833 3533
834 3397 2882 358 4456 3397 2882
834 3397 2882 3397 2882 3397 1377 2626
834 1968 3397
834 2626 2882 2275
834 3397 4525 2882 44 1306 2882 2626 2882
834 3397 3397 2882 667 1792 3397 2882 2626
834 3397 2882 358 4456 3397 2882
835 90 4114
835 503 2491
835 503 2491
835 90 4114
835 1279
835 503 2491
835 1279
836 1422 3232
836 1524 2290
836 2064 3706
836 776 1621 2654
836 3663
836 830 1685 2117
836 1422 3232
839 1060 932
839 3194 3800 1624 4060 4597 2890 2890 1710 1710 3194
839 1710 3194
839 4494 4368 1708 3800 1708 743
839 2791 3062
839 1710 3949
839 3194 3334
839 1813 1710 1710 3257
839 3194 1624
839 1710 1627 4060
840 3766 5274 970
840 535 362
840 5297
840 2668 5297 2668 5097 2262
840 880 693 1503
840 362 1503 1503
840 2288 69
840 5297 2409
842 2397 684
842 4542 3612 1984
842 4373 603
842 1875 3731 3042 90 1090 1984
842 1478 4445 5101
842 21 537
842 3564 3600 21 4558 2240
842 2233 611 1886 109
842 1984 2409
842 881 3731 1534 3814
844 1187
844 439 896 4811 896 1174
844 1183 733 3257 3063 621
844 1187
844 1183 733 3257 3063 621
844 733 1497 3257 632
844 439 896 4811 896 1174
850 4323 1826 4323 3392 4323 1874 503 1308 1578 1826
850 4323 2490
850 2533 4323 2490
850 2490 4828
850 1511 2490 1826 4323 4323
850 4323 1191 4828
850 4323
850 2490 4323 3714
850 4828 2490 4323
850 4323 3126 4323 4828 4334
852 301 1300
852 556 63
852 1064 2473
852 236 189 4940 609
852 236 189 4940 609
852 301 1300
852 556 63
857 503
857 1130 1763
857 1130 1763
857 289 2389
857 4375 734
857 4375
857 289 867
862 1894 1830
862 1830
862 1830
862 1565 4086
862 1894 1830
862 554 554
862 1830 2303 1586
864 2848 883
864 2294 5258 879
864 4088 2607 3766 4344 1385 2607 2848 2607 645
864 2700 94 2607 2700 2607
864 1265
864 2700 2607 2006 2700 2848 3365
864 2607 2700
864 2607 2607
864 3549 2700 5468
865 645 1652 2917 4198 3978 2917 645 2917 645
865 5240 5182 5182 3949
865 2409 5182
865 5182 3949
865 645 5182 3978 3949 5182 263 5182
865 5182 4610 5182
865 645 4242
865 2917 3978 2917 699 4198 645
866 4730 1706 4730
866 1373 4133 4730 4133 4730 4133
866 1627
866 4307 4730 4307 4730 4133 4730 4133 4133
866 4133 4730 4307 3024 2086 4730
866 758
866 1524 3071 3676 2023 4730
866 4307 4133 4730 4133
866 4307 4730 2844
866 4307 4133 4133 4307 4133 4730
869 4280 2093 978 419 4169 4169
869 2093
869 2636 1125 84 1135 3497 20
869 881 4280
869 4183 4183 2129 1272 4183 881 4169 4169
869 2235 4183 4428
869 4532 4183
869 4590 4398
869 4183 4169 4532 4183
870 1276 301
870 1657 464 3726
870 56
870 184 1089
870 56
870 1276 301
870 720 1556 1329 2529 126 649 4110 323
872 5093 2120
872 5093 2120
872 2690 5093 634
872 2690 5093 634
872 2690 5093 634
872 2690 5093 634
872 5093 2120
884 115 3629 4933 3761 847 503 1339 1665 2409
884 5306 645
884 115 3629 4933 3761 847 503 1339 1665 2409
884 115 3629 4933 3761 847 503 1339 1665 2409
884 5306 645
884 115 3629 4933 3761 847 503 1339 1665 2409
884 5306 645
888 154 385 1272 1327 1327 2624 3756 1508 2838
888 2624 3756 1296 2261 3618 373 4416 696 1327 2624 3756 416 1327
888 2624 3756 1327 3756 2538 439 2538 1172 2784 1061 2422
888 2624 2624 3756 826 1296 1162 434
888 114
888 4078 632 434 3756 1421 434 4119 826 734 615 783 4199 624 4356
888 2624 428 2624 2624 1597 1926 1926 3756 325 1439 3100
888 2586 1508 2624 514 439 1327 2624 4356 3756 1073 2624 3756 2624
888 735 4347
894 632 3853
894 733 1042 4896
894 645 1557
894 632 3853
894 733 1042 4896
894 645 1557
894 632 3853
900 2883 2883 2883 2840 2883 2883
900 2883 2883 2883 3207 2883 2883
900 2883 2883 2563 3207
900 1970 2743
900 2416 2488 2743
900 2840 1467 891
900 2883 2883 2883 2840 2883 2883
902 830 406 846 1181 406
902 575 3922
902 830 406 846 1181 406
902 575 3922
902 1227 548
902 4848 575
902 1227 548
908 569 1076 4584
908 4372 3787
908 3787
908 4372 3785 699 4359 3785 3785
908 3787 4372 4372 3787 4372 4372 4372 3785 4372 4372 2924 4372 569 3785 3785
908 4372 1764 4372 3785
908 420 1764
911 733 2168
911 733 2168
911 733 2168
911 733 2168
911 733 2168
911 733 2168
911 733 2168
913 5291 4624 3123
913 4624 5291
913 4624 173 2409
913 4624 5291
913 4624 173 2409
913 2223 2223 2855 1423
913 2223 2223 2855 1423
914 3094 4591
914 3094 3858 4273 4687 4464 3889
914 3094 2311 5495 3094
914 3094 3094 643 3260 4687 3094
914 3094 4080 3094 3534 4080 3094 4080 3094
914 271 5312 3094
914 4080 3094 4080
914 5312 3094 5408 2552 335 4080 3094 5312 3094 5120 3094
914 3094 5408 1250 3582
914 1250 3094 5312 3094 477 4886 5149
919 2284 1597 1597
919 2284 1597 1597
919 2284 1597 1597
919 2284 1597 1597
919 2284 1597 1597
919 2284 1597 1597
919 2284 1597 1597
920 2112 4596 2676 5167 467 101 903 3676 3644 4146 2850
920 2112 4596 2676 5167 467 101 903 3676 3644 4146 2850
920 888 3987 2200 1334 1285 1033 1103 446 4650
920 2467 4650 516
920 2112 4596 2676 5167 467 101 903 3676 3644 4146 2850
920 2467 4650 516
920 888 3987 2200 1334 1285 1033 1103 446 4650
928 4277 4247 3646 4247
928 2039 4247
928 4277 2039 3646
928 4277 4247
928 4312 4674
928 3646 4247
928 4312 4312 4277 4247
928 2537 4247 1849 2537 4247
928 4277 3646 4247
928 3646
929 4440 525 1198 1088
929 3731 1068
929 352 5063
929 645 5183
929 645 2284
929 645 5183 2284 5183
929 2527 503 2783 4172
929 5183 303
929 645 5183 5183 4440 763 5183
929 3526 5183 5183
935 5261 3259 645
935 5261 3259 645
935 1515 2912 657
935 4407 645 2732
935 4691 4577
935 2102 4691
935 1515 2912 657
937 512 2345 2962
937 4754 2106
937 2379 2962 4754 2690 2692 2962 4754
937 2379 2962 2021 2962 5203
937 2769 2692 2962 3676 2688
937 2962 2962 2692 2379 4688 2962 2811 1597 3731
937 1364 4861
937 2769 2692 1626 386
937 2769 2692 2962 2962 441 811 775 355 4688
937 2962 1564
942 1494 1494 1494 632 3880 340
942 2811
942 4341 3706
942 2811 2811 2409 2811 1633 5205 3256
942 2811 2811 2409 2811 1633 5205 3256
942 1494 1494 1494 632 3880 340
942 4341 3706
943 128 4774 733
943 717 4507 4869 812
943 940 3126 4668 1016
943 1074 963 110 5401
943 525 473
943 437 512 1590
943 1052 4037
943 4149 4002 4890 3126
943 3260 223 5203 1052
943 259 4195
948 1801 1801
948 1801 1436
948 1801 3585 2654 900
948 1801 1801
948 1801 3585
948 1801 1801
948 4858
953 873 2021
953 4344 2520 4709
953 1382 4599
953 2130 1129 949 4322 2344 4322
953 931 525
953 4322 1947
953 873 2021
959 3391 795 896
959 3800 733
959 4744 4704
959 795 3800
959 3391 795 896
959 795 3800
959 3800 733
960 706 459
960 4225
960 373 4677
960 1311 1446
960 2563 662
960 369 706 4007
960 5378
963 153 1771
963 3955 3497 3114
963 3955 3497 3114
963 1173 2589
963 3987 3441
963 496 3114
963 153 1771
965 303 5404
965 2835 4747 5404 4747 2835 5404 2835 5404
965 4010 303 4010 303 303
965 4010 303 4010 303
965 4010 2853
965 5404 5404
965 303 5404
965 2335 857
965 4010 2335 2035 5404
965 5404 2080 5404
970 1734 1088 1388 5025 1088 1734 1088 1388 5025 1088 1734 1734 1088 1388 5025 5025 1088 1734 1734 1088 1388
970 1734 1088 5025
970 1734 1088 1388 1088 1734 1088 1388 5025 1734 1088 1388 5025 1734 1734 1088 1388 3189 5025 1088 1734 1088 1388 5025 2761 1088 1734 5261 1734
970 1088 1388 5025 1088 1088 1088 1388 1384 1088 1088 1388 5025 1088 1088 2550 132 289 1088
970 5025 1088 1734 1088 1388 3629 1088 1734 1388 5025 1088 1734 1734 1088 1388 5025 5025 1384 1768 785 1088
970 1088 1088 789 1088
970 1734 1088 1388 5025 1088 5060 4246 2734 312 1088
970 1088 1388 5025 1088 1388 5025 789 1088 1734 1088 1388 3189 1546 5025 1088 1388 5025
970 1088 1388 2527 1482 2217 1088 1384 1088 1388 1479 2380 1088
970 373 5025 1734 1088 1388
973 1708 319 632 1665 1483 287 5228 187 645
973 1616 2409
973 1708 319 632 1665 1483 287 5228 187 645
973 3686 4789
973 3686 4789
973 1616 2409
973 3686 4789
976 3649 3022
976 4489 3022 4489 3637 1506 125 2967 1506 854 3637 1896 3215 3637
976 2967 4345 854
976 1896 3985
976 3242 3985 854
976 11 3649 982 3637 4222 854 3637
976 1896 2967 3985
976 3637 1506 2967
976 3649 2905 2918 854
976 1012 3637 1506 125 1896 1709 2967 3985 3637 3637
977 3532 1800 1425
977 3532 1300
977 3532 1800 1425
977 3532 1300
977 694
977 694
977 694
979 2621 1568
979 2621 2078
979 2534
979 4009 2078
979 1266 2078
979 3508 2453
979 1170 1685
979 2035 4009 2407
979 2078 2453 2453 2921
979 4009 801 2078
983 2731 4744 2880 5014 1698 4525 1698 4525 4525 1698 2697 3508 4525 1698 1470 3596 2880 1698
983 1459 2297 2926 1698
983 1459 2297 2926 1698
983 2731 4744 2880 5014 1698 4525 1698 4525 4525 1698 2697 3508 4525 1698 1470 3596 2880 1698
983 4525 3596 2880 1698 4525 575 1698 4525 1698 1479 4744 4525 3452
983 2731 4744 2880 5014 1698 4525 1698 4525 4525 1698 2697 3508 4525 1698 1470 3596 2880 1698
983 4525 3596 2880 1698 4525 575 1698 4525 1698 1479 4744 4525 3452
991 1878 439 373 1775 1481 515 373 3542
991 4801 475 2035
991 1878 439 373 1775 1481 515 373 3542
991 1151 468 73
991 4801 475 2035
991 1789 373 2654 1666 3953 1151 1074 644 3427 2669 3078
991 2220
992 2078 5236
992 5447 3260
992 2207 1932 749
992 4190 4190
992 2078 2078 2078 381
992 5247 2241
992 2207 2207
992 4190 702
992 2207 2078
992 2508 1170 1822
993 2475 2819 3755
993 2638 4632 3755 645
993 2833 56
993 565 163
993 2040 3037
993 3037 1088 2418 632
993 3037 1088 2418 632
994 201 273 762 138 32 2013 3428 2996
994 201 273 762 138 32 2013 3428 2996
994 201 273 762 138 32 2013 3428 2996
994 201 273 762 138 32 2013 3428 2996
994 201 273 762 138 32 2013 3428 2996
994 201 273 762 138 32 2013 3428 2996
994 201 273 762 138 32 2013 3428 2996
1000 1760 1151 4702 2398 1590 2409
1000 2409 4702
1000 553 2409
1000 553 2409
1000 2409 4702
1000 553 2409
1000 1760 1151 4702 2398 1590 2409
1007 2317 1162
1007 827 2317 2031 446 410 1088 1151
1007 511 2317 707 3803 4334 4334 1398
1007 511 2317 707 3803 4334 4334 1398
1007 2317 1162
1007 2317 707 3803 4334 327 1031 504 3803 2317 2416 2317 1205 3388
1007 827 2317 2031 446 410 1088 1151
1008 373 734
1008 5299 5299 3269 5299
1008 373 734
1008 645 645
1008 1954 645 2220
1008 673 5299 5299
1008 867 2275
1011 2616
1011 2397 863
1011 2987 4274 3388 3387
1011 2397 863
1011 2616
1011 3480 1176 715
1011 2987 4274 3388 3387
1016 5002 5002 4579 4579 1079
1016 733
1016 3649
1016 4579 4579
1016 5002 5002 4579 634 4579
1016 2919
1016 870 1366
1025 3505 4792 3869 3505 3795 1574 2418 4792 2451 327 504 4792 4359
1025 4792 2418 4792
1025 3869 3505 4792 3505 3505 3452 4792 3869 3452 888 4792 4820 3869 3505 4792 3869 3505 4792 4451 4792 3869 3505 4792
1025 4792 753 1103 4792 4964 4964 4792
1025 3869 3505 1088 4376 4792
1025 3957 1632 4792 1734 4792
1025 3869 3869
1025 4792 4964
1025 4792 270 2336
1025 4964 4792
1026 1607
1026 305 4347
1026 1607
1026 305 4347
1026 1607
1026 305 4347
1026 305 4347
1027 498 739 498 1213 5091 532 3215 1213 1213 739 498
1027 16 907 535 2435 5091 2474 4898 1213 5091 498 373 1213 188 5091
1027 2895 5091
1027 3013 4223
1027 4917 2905 2905 369
1027 16 508 2905 5091 498
1027 3013 4223 4223
1027 4223
1027 5091 3517 2102 5091 498
1027 5091 4853
1031 890 2942 890 599 632 516 637 2706 3258
1031 4242 890 213 726 1194 1876 1196
1031 999 2237 2772 999
1031 3379 1935 1700
1031 999 2237 2772 999
1031 1726 5392
1031 4242 890 213 726 1194 1876 1196
1037 699 1149 801 578 2616
1037 1670 2954
1037 1670 2954
1037 699 1149 801 578 2616
1037 1670 2954
1037 1670 2954
1037 699 1149 801 578 2616
1040 1302 2925
1040 606 1302 1170 2434 733
1040 1302 1302
1040 804 91 3485
1040 1302 1302
1040 1017 734
1040 2640 734
1040 549 90
1040 733 3628 1999 1170 4002
1040 1302 2526
1042 641 1729 646 2190 2345 872 4447 632 4850
1042 641 1729 646 2190 2345 872 4447 632 4850
1042 641 1729 646 2190 2345 872 4447 632 4850
1042 641 1729 646 2190 2345 872 4447 632 4850
1042 641 1729 646 2190 2345 872 4447 632 4850
1042 641 1729 646 2190 2345 872 4447 632 4850
1042 641 1729 646 2190 2345 872 4447 632 4850
1045 1385 4858
1045 4659 3931 488
1045 4033 1139
1045 383 4858
1045 1139 1752
1045 202 4858
1045 352 373
1049 957 956 4027 4072
1049 957 956 4027 4072
1049 4072 603
1049 3078 1574 523
1049 21 1574
1049 3516 2923
1049 796 1574 523
1051 3920 645 2690 3920 4284 3784
1051 3784 645 4152 4284 3784 1180 645 1180 3920 4152 4284 4152 645
1051 645 1180 4152 4152 4284 645 1180 3920 4152 4284 3784
1051 1180 4152 2596 645 1180 4284
1051 4152 1180 4284 4152 645 3435 645 3920 4152 4284 4152 645 3784
1051 4152 4284 645 3784 645 3920 4152 4284 645
1051 4152 4284 4152
1051 4152 645 3784 645 1180 4152 4284 3920 4152
1051 645 1180 4152
1051 3435 3784 3920 4152
1052 4103 5095 5193 5193
1052 3236 189
1052 3236 5095 1025
1052 1738 2644 2858
1052 1025
1052 272 1332
1052 4191 645
1052 5095 476
1052 1738 476
1052 1738 1738 182
1054 1882
1054 2023 838 3126
1054 986 3902
1054 5208 377
1054 1924 303 3126
1054 3973 5203 1564 3110
1054 1265 938
1054 124 103
1054 4030 388 4687
1054 1797 4585
1064 405 1164
1064 1117 405
1064 1927 2520 1470 203 405
1064 1164 5357
1064 1644 1644
1064 5357 1164 4144 1164
1064 2533 3867
1064 352 19
1064 3636 4119
1064 3706 4437
1065 1691 743
1065 207 3807
1065 1829 896 5149
1065 69 3857 652
1065 5149 1277
1065 1691 743
1065 632 3857
1069 2939
1069 881 2367
1069 404 1673
1069 2939
1069 404 1673
1069 881 2367
1069 2939
1071 3144 2484 3144
1071 369
1071 3144 1158 3144
1071 1698 3144
1071 2866 2484
1071 3144 3250
1071 2685 1929
1072 56
1072 1803 1781
1072 56
1072 1693
1072 645 3096 2013 1454 130
1072 2100 2789
1072 2100 2789
1075 762 881
1075 4850 632 1834 3551 1841
1075 1348 1373
1075 762 881
1075 4850 632 1834 3551 1841
1075 1348 1373
1075 762 881
1078 3669 4174
1078 3471 896 609
1078 85 1590 4398 4428 2347 3155
1078 5040 345 437 2130 68
1078 3669 4174
1078 4825 926 3703 2661 3409 2690 1012 5192 5237 2583 2941 1348 2124
1078 3963 1203 2267 900 352 2644 1234 2108
1079 1113
1079 61 632 1149 947
1079 632 671 110
1079 1113
1079 632 671 110
1079 2045 632
1079 61 632 1149 947
1082 4457 1015
1082 846 825 1673 632
1082 1592 2925
1082 1438
1082 1559 2616
1082 74 352
1082 1015 3110
1082 3818 1041
1082 4637 4317
1090 2525 2972
1090 2525 1936 2525 4846
1090 3288
1090 2244 340 3288 2352
1090 2525 1566 695 2525 2525
1090 2525 1936 3093 3288
1090 1566 1861 3288 2525
1090 3396 2972 3396 4846
1090 3288
1090 2525 1566 3288 2525 3093
1092 5298 5298 4564
1092 2771 4280
1092 468 4564
1092 883 4947
1092 2771 4564
1092 278 5171 203 3662 1509
1092 5241 4564 5298
1092 4564 762
1092 2411 475 5220 1324
1092 1645 4564
1097 4239 3365 1323 90 2288 1147
1097 4164
1097 3931 2409
1097 3931 2409
1097 4239 3365 1323 90 2288 1147
1097 4164
1097 3931 2409
1100 3439 1877
1100 3439 1877 3439 1877 2748
1100 645 2704 3439 1877
1100 3439 1877
1100 645 3439 1877 2748 2748 645 2704 3439 2801
1100 3439 1877 2704
1100 3439 2801 1877 2748 3439 2801 1877 645
1100 3439
1103 1787 2196
1103 1588 2253
1103 194 1588
1103 739 2514 1516
1103 1588 2958 1528
1103 1528 2514 18 5276 1588 1715
1103 2488
1103 1528 1588
1103 3085 372
1103 4949 1715 1588 2883
1104 2752 1777 2752
1104 2752 1777 2752
1104 4238 2052
1104 2752
1104 3564 29 1017 1052
1104 2752 1853 2752 3881 2052 1592 548
1104 2752 2752 313 2752 3449 1295 2778
1119 1450 2810
1119 5401 3163
1119 2810 1891 1174 3163
1119 3773 995
1119 1868 359 4842 3656 4376
1119 3891 160 1472 3140 3891 3891 3891 4367 1284 1713
1119 2461 2810
1119 3163 2810 4927 3163 2556 789 1263 4419
1119 3163 2810
1119 1353 1353
1120 1502 2550 1502 2089
1120 1105 32
1120 255 466
1120 751 3648
1120 2965 4582 5261
1120 2965 4582 5261
1120 2771 2181 2965
1123 475 315
1123 3849
1123 3542 733
1123 733 2409 733 1822
1123 146 2512
1123 645 126
1123 475 315
1127 1154
1127 4209 1592
1127 3618 304
1127 4209 1592
1127 1154
1127 1154
1127 3618 304
1132 829 4111
1132 2654 4060
1132 5068 3500
1132 829 4111
1132 829 4111
1132 5068 3500
1132 2654 4060
1133 4021 3129 5083 5423
1133 3129 4021
1133 3129 3321 4021 41
1133 5423 5423
1133 5083 4021
1133 5083 475 3322 4021 4021 3129
1133 5083 5423 870 4021 5423
1133 3321 4021
1133 69 2422
1133 5423 2635
1136 4160 4160
1136 1962 2965
1136 4160 5343
1136 4160
1136 1492
1136 5304 934
1136 4160 4160
1136 980 1962 1962
1138 3791
1138 4353 4353 4353 4353
1138 733 1719
1138 1377 1151 3815
1138 323 4060
1138 2087 3699
1138 4353 4194
1140 2984 1036 2984
1140 2182 2182
1140 1148 4432 97
1140 1794 2984 366 4653 720 4653 1187 1148 1237 475 472
1140 2984 2984
1140 2984 1093 2984
1140 1954 1148 507 4361 4742 1148
1140 720
1140 720 2984
1140 297 4483
1142 3618 4364 4852 0 542 2463 3654 2068 1929 896 3635 540 1042
1142 2237
1142 3618 4364 4852 0 542 2463 3654 2068 1929 896 3635 540 1042
1142 2237
1142 2237
1142 3618 4364 4852 0 542 2463 3654 2068 1929 896 3635 540 1042
1142 2237
1144 2563 751 873 774 3949 673 2347
1144 5194
1144 2563 751 873 774 3949 673 2347
1144 5194
1144 2563 751 873 774 3949 673 2347
1144 2563 751 873 774 3949 673 2347
1144 5194
1152 5132 666
1152 666 5132
1152 5132 5132 5132 5132 5132 1027 5132 5132 5132
1152 666 373 3113 1027
1152 666 373 3113 1027
1152 5132 5132 5132 5132 5132 1027 5132 5132 5132
1152 5132 666
1155 1880 1880
1155 1880 625 3208 500
1155 4498 4498 1190 4498 311
1155 1880
1155 3208 4234
1155 1880 81 1880 3989 1880 1880 2996 1318 3934
1155 2232 2563
1155 2238 1880 1880 1880 2413 658 5069 2413 798
1155 2351 5043 2351
1155 1880 4033 1880
1157 1746 5020
1157 113 1876
1157 1009
1157 2550 4327
1157 1009
1157 2550 4327
1157 1746 5020
1159 4750 904
1159 1378 4750
1159 4423 4385
1159 3853 4533 1277
1159 4002 4681
1159 1378 4921
1159 2550 1508
1161 13 256 2502 733 2409
1161 1185 2502
1161 1201
1161 152 414
1161 1332
1161 563 202
1161 563 202
1163 993 5319 993 2958 993 247 373 1190 3838 2554 307 3683 329 2818 993
1163 503
1163 993 5319 993 2958 993 247 373 1190 3838 2554 307 3683 329 2818 993
1163 503
1163 503
1163 503
1163 993 5319 993 2958 993 247 373 1190 3838 2554 307 3683 329 2818 993
1172 645 635 2550
1172 645 635 2550
1172 699 3102 1843 645 1088
1172 645 635 2550
1172 699 3102 1843 645 1088
1172 645 635 2550
1172 699 3102 1843 645 1088
1174 1746 2337 525 664 1232 69 1614 5020 624 615 2263 1624 1090 573
1174 943 733 624 1708
1174 1221 1555 1798
1174 1746 2337 525 664 1232 69 1614 5020 624 615 2263 1624 1090 573
1174 1746 2337 525 664 1232 69 1614 5020 624 615 2263 1624 1090 573
1174 1221 1555 1798
1174 943 733 624 1708
1177 733 2409
1177 2584
1177 2584
1177 733 2409
1177 733 2409
1177 2584
1177 733 2409
1178 1417 3327 1417 3327 1417
1178 1417 3327 888 2514
1178 1276 1417
1178 1417 3327
1178 3327 1417 1798
1178 1453 3327 495 3475 1417 3622
1178 3327 1417 569 337 2514 3327
1178 3327 1417 1417 1417 90 3327
1178 1417 3327 137 1417 598
1178 1417 1086
1181 2191 2878
1181 2191
1181 2191 2878 2191 2878
1181 2191 2878
1181 2191 2878 2191 2878
1181 2191 2878
1181 2191
1187 801 632 4359 2922 1555 352 4359 4359
1187 2664
1187 801 632 4359 2922 1555 352 4359 4359
1187 801 632 4359 2922 1555 352 4359 4359
1187 801 632 4359 2922 1555 352 4359 4359
1187 2664
1187 2664
1188 2491 2550 352 442 4463 3761 3015 872 2227 732
1188 2491 2550 352 442 4463 3761 3015 872 2227 732
1188 2491 2550 352 442 4463 3761 3015 872 2227 732
1188 2491 2550 352 442 4463 3761 3015 872 2227 732
1188 2491 2550 352 442 4463 3761 3015 872 2227 732
1188 2491 2550 352 442 4463 3761 3015 872 2227 732
1188 2491 2550 352 442 4463 3761 3015 872 2227 732
1191 1642 468
1191 4663 4156
1191 5255 4055 4055 5255 645 441 5255 5255
1191 870
1191 1321 5255 85 5255 441 1775 5255 5255
1191 3542 733 2015 3542
1191 3542 733 2015 3542
1197 828
1197 1348 1015
1197 352 1708 645 645
1197 2189 1737
1197 369 733
1197 2013 715 1083 1261
1197 1055 2013 1177 5210 373 442
1198 2830 2830
1198 3338 3919
1198 4617 5040
1198 1234 645
1198 4223 4228
1198 2830 576
1198 1303 2830
1201 789 867
1201 2563 1737 1812 476
1201 2563 1252
1201 1748
1201 441 796
1201 867 796
1201 3694 2563 983 2563 2563 3694 3817 2563 1706 789
1201 2563 3694 2563 676 1151 352 1906 441 789 3694
1201 2816 441 2272 641 272 867
1201 3694 1377 867 789
1205 3710 699 369 874 5200 247 369 32 3102
1205 1564 1088 621 621 369 1276 516 637 1042 90 3257 1120 1055 654
1205 1110 330 1151 441 1563 433 53
1205 3710 699 369 874 5200 247 369 32 3102
1205 1564 1088 621 621 369 1276 516 637 1042 90 3257 1120 1055 654
1205 1110 330 1151 441 1563 433 53
1205 3710 699 369 874 5200 247 369 32 3102
1208 3150 3329 4131 3618 3635 4852 3910 5148
1208 1218 5440 85 1590
1208 3150 3329 4131 3618 3635 4852 3910 5148
1208 999 2237 3626
1208 3150 3329 4131 3618 3635 4852 3910 5148
1208 999 2237 3626
1208 1218 5440 85 1590
1213 733 2409
1213 578
1213 2197 359
1213 2197 359
1213 578
1213 733 2409
1213 2197 359
1214 2409 1097 137 442 2710 186 2595 1229 2710 3838 733 755
1214 2485 2055 516 1500
1214 3102
1214 2409 1097 137 442 2710 186 2595 1229 2710 3838 733 755
1214 2485 2055 516 1500
1214 3102
1214 3102
1221 475
1221 739
1221 4473 4496
1221 1665 1190
1221 1101 442 281
1221 1665 1644 1765 503 1234
1221 475
1222 1461
1222 387 387 5345 2021 1461
1222 1461 3586 5345 1461 3586 147 1461 3586 147 1461
1222 733 5454 2270 1461 1461 5345 1461 5345 147
1222 1461 2481 3586 31
1222 5345 1461 5345 1151 2021 5454
1222 2481 3586 3400
1222 3586
1222 1221
1222 1221 1207
1223 1791 432 4404 2728 5181
1223 2060 1422 834 61
1223 2060 1422 834 61
1223 1791 432 4404 2728 5181
1223 2060 1422 834 61
1223 2060 1422 834 61
1223 1791 432 4404 2728 5181
1229 826 948 999 714 1063 826 999 330 159 32 826 2232
1229 826 948 999 714 1063 826 999 330 159 32 826 2232
1229 826 948 999 714 1063 826 999 330 159 32 826 2232
1229 826 948 999 714 1063 826 999 330 159 32 826 2232
1229 826 948 999 714 1063 826 999 330 159 32 826 2232
1229 826 948 999 714 1063 826 999 330 159 32 826 2232
1229 826 948 999 714 1063 826 999 330 159 32 826 2232
1230 858 1795 4211 811 5289 22 126
1230 858 4185 4211 858 352 4211 858 3569 2460 338 4190 2774 4190 1795 481
1230 1795 858 136 4205 4211 858 516 2201 136 4687
1230 1795 858 708 4147 4185 151 4464 1795 645 791
1230 4185 1795 858 937
1230 1795 1074 2443 520 1795 646 520 4184
1230 4043 724
1230 858 858 352 858 858 136 646 2164 1086
1230 1941 4205 1250 5366 22 364 2232
1230 858 491 1016 858
1231 733 4981 2616 872 3232 1981 1431 578
1231 733 4981 2616 872 3232 1981 1431 578
1231 645
1231 645
1231 733 4981 2616 872 3232 1981 1431 578
1231 645
1231 645
1236 2968
1236 2885
1236 2968
1236 2885
1236 2968
1236 2885
1236 2885
1237 3187 228 373 3187 4917 4927 18
1237 3187 1088 1088 373
1237 3187 1767 3187 4321 3187 373 3187
1237 3187 3187 1207 516 900
1237 4459 3187
1237 3187 1300
1237 373 2654 3187 680
1237 645 3187 1088
1237 2538 3187 475 442
1237 3187 1856 3187
1238 4965 5281 326 282
1238 4051 4965 5281
1238 200 4341
1238 3236 5478
1238 4409 5478
1238 4965 12
1238 5410 5285
1238 4489 3934
1238 2368 2640
1241 4640 3661
1241 4513
1241 4977 1545 5412 5105
1241 2725 1451
1241 5419 4564 2944 4925 1244
1241 1165 1271 3726
1241 1165 833
1241 1093 1770
1241 4311 116
1241 4903 3387 4805 2416
1245 1634 2134
1245 3534 866 347
1245 1634 2134
1245 5287 1868 4772 2584
1245 3534 866 347
1245 1634 2134
1245 5287 1868 4772 2584
1252 310
1252 2398 310
1252 5292 710
1252 310
1252 2398 310
1252 310
1252 5292 710
1253 2558 2558
1253 2558 2558 2558 1151 373 5276
1253 2558 1614
1253 2558 2558
1253 2558 2558
1253 2558 1614
1253 2558 2558 2558 1151 373 5276
1261 1191 632 4850
1261 1664 2970
1261 2988 81 2988
1261 2887 2406
1261 3647 5135
1261 990 1578 2012 1664 2668
1261 1743
1261 43 2654
1261 1664 2970 2973
1262 5131 4043
1262 3803 541 4813
1262 541 3507 1110
1262 541 3507 1110
1262 3803 541 4813
1262 1260 223
1262 5131 4043
1269 5012 3675 4129 5054 4862 5102 5052 1965 149 1790 5130 4818 1633 4294 3718 5054 4862 5102 1987 3150 4728 1869 5148 4206 4162 5012 3675 4129 4862 5102 5052 1987
1269 5012 3675 4129 5054 4862 5102 5052 1965 149 1790 5130 4818 1633 4294 3718 5054 4862 5102 1987 3150 4728 1869 5148 4206 4162 5012 3675 4129 4862 5102 5052 1987
1269 3125 1889 3254
1269 5012 3675 4129 5054 4862 5102 5052 1965 149 1790 5130 4818 1633 4294 3718 5054 4862 5102 1987 3150 4728 1869 5148 4206 4162 5012 3675 4129 4862 5102 5052 1987
1269 3125 1889 3254
1269 3125 1889 3254
1269 3125 1889 3254
1270 1897 4015 2240
1270 109 730
1270 2185
1270 109 730
1270 1897 4015 2240
1270 2185
1270 5437 645
1274 3625 3467 3029 3079 1764 4773 5158 5158 3625 3072 4600 4615 4600 3072 3625 3467 3029 3079 1764 3542 4773 5158 1764 3443 2409 1764 5158 1764 2230 3443 1764 5158 5158 1764 2230 3443 4600 4615 4615 4615 3072 645
1274 4615 4600 3072 3625 3029 3079 3542 1764 4773 5158 5158 2230 1764 5158 1764 3443 4600 4615 2683
1274 3625 3467 3029 3079 1764 4773 5158 5158 3625 3072 4600 4615 4600 3072 3625 3467 3029 3079 1764 3542 4773 5158 1764 3443 2409 1764 5158 1764 2230 3443 1764 5158 5158 1764 2230 3443 4600 4615 4615 4615 3072 645
1274 4615 4600 3072 3625 3029 3079 3542 1764 4773 5158 5158 2230 1764 5158 1764 3443 4600 4615 2683
1274 4615 4600 3072
1274 4773 5158 4773 2498 4615 1764 4773 5158 4773 1764 5158 4936 4615 1764 5158 3467 5158 1764 2230 3443 4615 1708 1624 1378 3062 3443
1274 4773 5158 4773 2498 4615 1764 4773 5158 4773 1764 5158 4936 4615 1764 5158 3467 5158 1764 2230 3443 4615 1708 1624 1378 3062 3443
1275 1010 1016 163 4018 90 3759
1275 2830 733
1275 2253 3240 2670
1275 2591 2591 90
1275 2017 5047 1088
1275 2409 1932
1275 2285 5047 2591 3759 2514 5047 2285 2880 5047 2647
1275 2285 2017
1277 1253 4411 1234 612 4216 3150 4199 645
1277 1253 4411 1234 612 4216 3150 4199 645
1277 4716 4216 645
1277 4716 4216 645
1277 1253 4411 1234 612 4216 3150 4199 645
1277 4716 4216 645
1277 1253 4411 1234 612 4216 3150 4199 645
1282 998 1364
1282 4214 3299
1282 1517 4714
1282 1016 4392
1282 4214 3299
1282 998 1364
1282 1517 4714
1289 628 645
1289 3621 15
1289 733 2337
1289 3743 1116
1289 733 2337
1289 3621 15
1289 628 645
1295 1261 437
1295 2083 3825
1295 1261 437
1295 2908 2083
1295 770
1295 770
1295 2083 3825
1299 1276 4510
1299 1364
1299 999 2772 2797 896 1661
1299 1746 2337 1479
1299 3407 428 578 1676 1319 2604 204 475 2298 2397 1261 172 1307 411 466 621 1951 1708 624 457 621 878 573 34 1086 2429 2956 2479
1299 621 878 1360 573 290 2398 4052 213
1299 1218 5440 85
1299 1277 2214 474 1012
1299 3379 505 3419 890 213 1194 3970
1302 2441 4069
1302 1428 5405
1302 868 812
1302 5291
1302 2586 2895
1302 3519 4360
1302 1713 184 4069 3989
1302 868 3126 537 359 868 4905
1302 4069 976
1302 1608 1897 3158 1038
1306 352 867 1207 4763
1306 4763 2164
1306 3962 4763
1306 5273 4763 1207
1306 2612 441 1207
1306 2731
1306 1732 441 1532 1207 4763
1306 4763 1207 5273
1306 1361 938 4066 1564 3110 4459
1306 1207 4763
1307 975 779 3508
1307 2418 3957 2336 619 3399 1804 4718
1307 753 2616 1932 2336 1494
1307 1461 1932 1205 2464
1307 3927 840 953
1307 245 1932 1234 904 1932
1307 1167 3957 2336 4718 2336 619
1307 621 632 469
1311 3459 2805
1311 3879 3459
1311 2621 2621 2852 3879 2852
1311 3879
1311 1088 2852 3879 2852 2827 2852
1311 2852 3459
1311 2853 2427
1311 2852 870 3767
1311 3879 2852
1311 2852 2621
1315 503 801 676 632 1332
1315 676 3149 3576 4785 676
1315 1149 676 2465 1558 3545 639 3003
1315 676 646 3576 540 1351 1149 904
1315 676 3576 2129 5018 1869 3576
1315 676 3576 2129 5018 1869 3576
1315 1149 676 2465 1558 3545 639 3003
1319 960 4469
1319 4469 4469
1319 4469 4469
1319 4469
1319 960 4469
1319 4469
1319 4469 4469
1320 4817 3941 4662 2486 801 4460 3941 4662 2486 801 3941 4662 4460 4662 3941 4817 4420 3941
1320 4817 3941 4662 2486 801 4460 3941 4662 2486 801 3941 4662 4460 4662 3941 4817 4420 3941
1320 4460 3941 4662 2486 801 3941 4662 2486 801 2486 801 441 3941 2486 1251 3941 4662
1320 4460 3941 4662 801 4460 801 1042 788 3941 4662 2486 3485 3941 4662 1223 4264 3941 4662 801
1320 4817 3941 4662 2486 801 4460 3941 4662 2486 801 3941 4662 4460 4662 3941 4817 4420 3941
1320 4460 3941 4662 2486 801 3941 4662 2486 801 2486 801 441 3941 2486 1251 3941 4662
1320 4460 3941 4662 801 4460 801 1042 788 3941 4662 2486 3485 3941 4662 1223 4264 3941 4662 801
1323 4434 5222
1323 1583 97
1323 3389 1276
1323 1583 97
1323 1186 4952
1323 4434 5222
1323 3389 1276
1324 784 2696 3033
1324 3811 4634
1324 3033 3811
1324 3832 3033
1324 5103 3033
1324 2034 3811
1324 3811 3434 3064 3033 143 3033
1324 3033 3033
1324 1493 1167
1324 3811 1086
1338 3838 1571 452
1338 3210
1338 503 4850 968 516 758 1151 1719
1338 503 4850 968 516 758 1151 1719
1338 3210
1338 503 4850 968 516 758 1151 1719
1338 3838 1571 452
1341 4909 4596
1341 4179 4909 3114
1341 645
1341 4909 5029 715 3365
1341 4909 4909
1341 4909 4909
1341 827 1149 2483
1342 696 733
1342 733 1834
1342 733 1834
1342 1232 69 2901 2753 1307 621
1342 733 1834
1342 1232 69 2901 2753 1307 621
1342 696 733
1350 4567 2297 4567 1475
1350 4567 3580
1350 4282
1350 3580 3580
1350 2409 4608
1350 3580 3580
1350 4567 2297 4567 1475
1356 5411 76
1356 469 1309
1356 469 1309
1356 5411 76
1356 5411 76
1356 5189
1356 5189
1362 2104 1186
1362 568 4149
1362 568 4149
1362 1286 847 2369 2369 2369 847
1362 896 2237 831 2369 2237 2604
1362 1302
1362 1302
1363 632 641
1363 3385 516 634 4919
1363 699
1363 3385 516 634 4919
1363 632 641
1363 699
1363 699
1365 2583 4224
1365 297 441
1365 3610 1959
1365 2963
1365 2583 2583
1365 2583
1365 2583
1366 3761 761
1366 4977 1616 419 1616
1366 1414 5176 1414 5176 1616 1616 1182
1366 1616 1616
1366 1414 5176 2240
1366 3283 55
1366 1414 5176 1289 1139 1139 1289 1139 346 1139
1366 1289 1414
1366 4932 5176 1289
1366 802 5409 55 867 336
1367 570 570 4762 5382 619
1367 5382 4846 570 4846
1367 3957 3457 1458
1367 3641 570 2418 5382 4846 4793 4846 5382 570 2376 570
1367 5121 1603 5121 570 619 5121 570 5121 5382 570 2418 4846 619 2290 570 570
1367 570 3957 1523 4846 570 2253
1367 3957 619 570 340
1367 619 441 570 841 5382 2418
1367 570 5121
1367 3957 5121 3957 619 2697 570 3957
1372 3429 3995 2107 1151 1042 1809
1372 4560 3995
1372 329 1548 3978 1627
1372 3429 3995 2107 1151 1042 1809
1372 329 1548 3978 1627
1372 322 1612 3978 2107 3978 3995 1939 3995 1531 3278
1372 4560 3995
1373 2888 2888 2724 3191 4546 1207 1675 3838 2888 2817 3191 4121 1109 1437 3624 2888
1373 2888 3576 2888
1373 1437 2888 1437 4121 1109 5034 2888 1719 2888 3903 2888 1869 801 751 2644 3576 2888 3191
1373 736 3191 540 632 2888 632 632 2888 2888
1373 2888 1437
1373 2888 2888 352 1437 2888 3191 2888 585 3699 1450
1373 2888 2888
1373 2888 1602 2817 2888 4669 3851 3676 2362
1373 2888
1373 3191 2817 1437 1437 3191 4546
1375 1770
1375 2024 4016 1770 4016 5061 645 798
1375 1770
1375 4349 1764
1375 2024 4016 1770 4016 5061 645 798
1375 4349 1764
1375 4349 1764
1378 623 740 1035 901
1378 2388
1378 623 1280 734 99
1378 522 570 4694
1378 610
1378 2388
1378 579 301
1380 3876 4693
1380 4693 3876 3876 4693
1380 3111 3111
1380 4693 3876
1380 4693 3876 3876 4693
1380 3111 3111
1380 3876 4693
1382 1358 5317 4108 4108
1382 5250 4499
1382 4108 5317
1382 1440 4030
1382 4108 5317
1382 5250 4499
1382 1440 4030
1386 3761 798
1386 3586 2413
1386 1561
1386 3586 2413
1386 516 2205 505 5074 2885 3761 441
1386 3761 798
1386 516 2205 505 5074 2885 3761 441
1387 2319 3519 234
1387 2196
1387 2196
1387 2319 3519 234
1387 1191 475
1387 2196
1387 1191 475
1391 4617 763 3308
1391 2616 1957
1391 831 621 2430
1391 4617 763 3308
1391 831 621 2430
1391 2616 1957
1391 4617 763 3308
1393 1251 1251
1393 1251 1251
1393 1251 1251
1393 723 1251 886
1393 919 1251
1393 919 1251
1393 723 1251 886
1395 5300 4572 5300
1395 861 3531 861 644 5300
1395 373 1858 373 1858 373 5300 5300
1395 1815
1395 4572 5300
1395 4572 373 1088 5306 2638
1395 4572 861 733 1914 4572 2480 1914 5300 5300
1395 4941 4941 4766 4572
1395 2761 5300 3370 801
1395 3370 5300
1396 1151 1151 4727
1396 3688 870
1396 373 2045
1396 2453
1396 1151 1151 4727
1396 3688 870
1396 2453
1397 4054
1397 4867 2473
1397 963 1108 475 79 439 373 3103
1397 4054
1397 963 1108 475 79 439 373 3103
1397 1767 431 67
1397 4867 2473
1398 733 3140 2550
1398 533 2276
1398 722
1398 369 3519 2326 4846 1193
1398 722
1398 369 3519 2326 4846 1193
1398 533 2276
1400 2652
1400 1268 205
1400 4976 772 2511
1400 4639 92
1400 1623 1689
1400 1642 1642
1400 1642 1642
1403 4537 1813 3416 4537
1403 3416 4537
1403 3416 4537
1403 4537
1403 4537 3416
1403 3416 4706
1403 4537 3416
1410 2409 5277
1410 1217 5285 2571 1467
1410 2409 5277
1410 5277 5277
1410 5461 441 1217 2571
1410 5461 441 1217 2571
1410 1217 5285 2571 1467
1411 1885 4666 527 1691 2801
1411 5425 1084
1411 1642 1672 3746
1411 2061 1224
1411 3300 3746 1084 1189 1429
1411 1224 1061 3300 3746 2409
1411 3436 369
1411 88 4517 4517 3436 1888
1411 1224 3300 88
1411 1224
1413 1677
1413 415 1103 3859
1413 4031 3648 2 130 1079
1413 801 777 2106
1413 1079 1677 643 4146
1413 801 777 2106
1413 4264 5323
1421 1671 1171
1421 905 1300 327 1280 1505 14 170
1421 454 327 352 1280 5222
1421 196 282 623 1052 929 196 257 134
1421 2397 1838 196 181 4356
1421 1040 369 3967 623
1421 623 1944
1422 2411 733 3524 724
1422 2411 733 3524 724
1422 2411 733 3524 724
1422 2411 733 3524 724
1422 2411 733 3524 724
1422 2411 733 3524 724
1422 2411 733 3524 724
1427 1322 503 801
1427 1322 503 801
1427 1322 503 801
1427 1322 503 801
1427 1322 503 801
1427 1322 503 801
1427 1322 503 801
1428 3023 1461
1428 1913 5192
1428 4687 1731 1078
1428 1265 1226
1428 3529 4694 2418
1428 4724 1967 4317
1428 1498 570
1429 5274 1469 205 3482 2776
1429 2178 2178 1469 2488 404 2562
1429 2178 140 2178 448 2377
1429 2178 2076 1635 632
1429 2178 2178 2178 1469 1394 1332 1262
1429 2488 148 1483 1579 1258 330 475 3399 148 1262
1429 2483 700 109 752 2562 506
1429 2178 148
1429 1469 2178 1038 205
1429 1469 2178 1469 5274
1431 3837 4504
1431 374 880 2550
1431 2170 149 1790 5130 1633 3718 204 1497 621 621 1360 878 573
1431 3837 4504
1431 227 3379 1700 4062 1878 369 2887 1436 1975 1985 553 92 468 1771 2534 105 4576 1903 890 4052
1431 374 880 2550
1431 2170 149 1790 5130 1633 3718 204 1497 621 621 1360 878 573
1434 346 151
1434 151 151
1434 151
1434 151 151
1434 346 151
1434 151
1434 346 151
1444 4529
1444 2585 2723
1444 2724 2519 2723 645
1444 2466 2723 2466 2466 2723 2466 5401
1444 240
1444 2128 4529
1444 1002 4529 1531 2781
1444 2585 2873 4529 4529
1444 3223 2585
1444 2723 4529
1446 1494 4851 1494 4851 1494 1494 4851 613 4694 840
1446 1222 1519
1446 1222
1446 4851 525 1494 4851 1494 1494 4851 1882 4896 1222 445 1121 82 840 3927 840
1446 1494 4851
1446 1494 4851 2965 338 4239 424 3983 4143
1446 4851 523 1494
1446 1494 68 1222 1494
1446 179 1494
1447 32 2407
1447 2409 2520 4229 804 267 2057
1447 5223 4285 2520 2586
1447 435 4776 5254 1140
1447 208 508
1447 4108 4383
1447 2222 2016
1447 1578 1055 305 4260 4502 525
1447 1492 2223 3833 1140 1675 468 1433 475 105 153
1447 717 1110 185
1448 2409 5516
1448 5516 5516
1448 870 5516
1448 3032 5516
1448 3032 3032 3032 5516
1448 2816 4262
1448 5516
1450 2409 1151
1450 1053 831
1450 699 818 356 352 3705 1559
1450 699 818 356 352 3705 1559
1450 1053 831
1450 2409 1151
1450 699 818 356 352 3705 1559
1451 4220 4189 4379 4654 2715 2229 3332 3007 1488 4374 1156 5190 3819 4244 5302 4217 5377 4220 4189 5285 2559 1156 2559 4217 4751 4244 2745 3373 5302 4217 5377 5410 4220 4189 4379 4654 5375 4193 4374 3007 4189 4379 5375 4193 4374 1156 4018 4244 3373 4252 4244 5302 4217 4189 4654 5328 4193 4189 2715 2559 4374 2229 1156 5190 4018 4575 4244 2745 4252
1451 4654 5328 5375 4193 2559 2229 3332 4220 4654 4135 2559 2229 3332 4189 3162 4220 4189 4654 4135 2715 4374 2715 4220 4189 5328 4135 3075 2600 5497 3161 5497 3161
1451 4189 4654 5328 5375 2559 4374 2229 5190 4220 4189 4654 5375 4374 1156 2559 2451 4018 4575 4244 4220 4189 4379 5328 5375 2715 2559 4374 3332 5190
1451 5328 4135 2715 2559 4374 3332 4374 4379 4654 5328 2559 5190 5104 4374 2715 4193 2559 3332 4379 4654 5328 5375 3332 1156 5190 2559 2229 3332 5104 4719 4719 2715
1451 4220 4189 4654 5328 5190 5375 5329 4193 4654 4135 2559 2229 4112 3161 3159 4112 4379 4654 5328 5375 4135 2715 4374 2559 2451 3161 5498 3159 5497
1451 4220 4654 5375 4193 4217 4244 2745 647 3373 4252 5302 4217 5405 4220 4189 4654 5328 4193 4244 2745 647
1451 5190 4374 2559 4244 3949 3949 4244 4699 4220 4189 4193 2559 4374 2229 1156 5190 4374 2559 4244 4422 4244 3949 4699 4220 4189 4193 2715 2559 4374 2229 4033 1156 4374 2559 4244 3949 4252 4220 4654 4193 2715 2559 4374 2229 3332 3007 1156 4374 2559 4719 2949 3949 4252 4699 4581 4524 4654 3820 3949 4252 3949 4244 4699 4189 4654 4193 4401 4189 4193 4217 4751 4244 3949 4252
1451 3949 4244 4699 4220 4654 4193 2715 2229 1156 2559 3949 4252 3949 4244 4699 4220 4189 4654 4193 2715 2559 4374 5190 4374 2559 4244 4252 3949 4244 4699 4189 4654 4193 2715 2559 4374 2559 4252 3949 4244 4220 4189 4654 4193 2715 4374 2229 3007 1156 5190 4220 4189 4374 3949 4252 3949 4244 4699 4220 4193 4751
1451 4374 2229 3007 1156 5190 4220 4189 4654 4379 4193 2559 4374 2229 3162 3007 4524 5328 4193 2715 4374 2229 5190 1488 2559 4018 4244 2745 647 3373 4244 4422 4217 4220 4189 4524 4581 4654 4699 4193 3159 2600 4217 4751 4244 2745 647 4252
1451 5328 2715 2559 2229 3332 5104 4374 3373 4379 2559 2229 3332 1156 1488 2451 3373 4244 5302 5263 4220 4189 4193 2596 4374 3332 3007 5190 5104 1488 4374 2559 4575 647 4244 4189 4252 4244 3821 4422 4217 5377 4220 4189 4654 5329 4193 4217 647 3373 4244 4575 2451 4719 4244 3821 4422 4217 5377 4189 5328 5375 4244 2745 4244 3821 4422 4217 3107 4379 5329 5375 2745 647 3373 4252
1452 4187
1452 879 2529
1452 2411
1452 4187
1452 879 2529
1452 2411
1452 879 2529
1453 890 4052
1453 1876
1453 890 4052
1453 1876
1453 890 4052
1453 1876
1453 890 4052
1455 4462 3653
1455 4462 3653 2191 733 2191 733 3062 1624
1455 733 4439 3062 1624
1455 4462 3653 2191 733 2191 733 3062 1624
1455 4462 3653
1455 733 4439 3062 1624
1455 733 4439 3062 1624
1462 373 1190 1007 2661 1007 49 1007
1462 3880 2661 3001
1462 373 1190 1007 2661 1007 49 1007
1462 2609 1954 1339
1462 2609 1954 1339
1462 3880 2661 3001
1462 2661 1954 2981 2661 3001 3001
1465 2662 5036 2095 3542 2192
1465 51 1523
1465 1088 2095 2657 2095
1465 627 1574 524 2095
1465 1160 1160
1465 1160 759
1465 4019 1363
1475 2409 3487
1475 801 3504 503
1475 1151 503
1475 801 3504 503
1475 2409 3487
1475 1151 503
1475 1151 503
1476 2409 2645 5120
1476 2409 773 1575 899 774 2387 327 773 2473 3225
1476 773 2645 4082 773 3012 4308 4545 783 1530 2243 1372 1168 456 5120
1476 2409 773 1575 899 774 2387 327 773 2473 3225
1476 3188 1168 1015 5390 5196 2409
1476 773 2645 4082 773 3012 4308 4545 783 1530 2243 1372 1168 456 5120
1476 3188 1168 1015 5390 5196 2409
1477 5058 5448 5058 5244 2431 2262 5058 5058 5301
1477 354 5058
1477 5058 4031 5058 1915 191 5058
1477 1764 645 5058 5058 45 5058 3308 5058 94
1477 5058 5301
1477 4467 593
1477 1262 880 3564
1477 512 5058
1477 5058 5058
1477 5301 5058
1478 3988 3988
1478 1161 3172
1478 688
1478 3988 4317
1478 3608 3988 3988 3988 770 1455 893
1478 3988 3988 3222 124
1478 3988 2647 358 2433
1478 3988 3988 3988
1478 645 3988
1478 3988 4664 3988 3988 3988 770 1110 4507
1484 5206
1484 1481 1578
1484 4377 788
1484 4377 788
1484 5206
1484 1481 1578
1484 5206
1487 3199 5210
1487 3199 1499
1487 3199 1305 2041
1487 621 3268
1487 3199 1499
1487 621 3268
1487 3199 5210
1488 1926
1488 3986 3986 733 1649 4597 3986 3986 3986
1488 733 1710 2315
1488 2919 4484
1488 3197 4484
1488 5159 1926
1488 4352 4352 4352 4352
1488 4484 1926
1488 2241 4352
1488 1926 3285 3285 996
1489 2630 2246 82
1489 2686 269
1489 1114 150
1489 2686 269
1489 2630 2246 82
1489 1114 150
1489 1114 150
1492 1173 931
1492 4872 1673
1492 4160 1221
1492 1492 110 439 430 1208 4441
1492 4160 1221
1492 1173 931
1492 4160 1685
1494 341 2604
1494 2397 468
1494 2051 145 2051 1347 1069 881 1421 5108 3636 672
1494 3636 1052 1182 1347 1421
1494 3207 2604 2051 1182 1347 1182 576 2213
1494 4356 740
1494 2397 468
1502 3150 1965 3635 2623 1737 662 3023
1502 999 2237
1502 3150 1965 3635 2623 1737 662 3023
1502 999 2237
1502 3150 1965 3635 2623 1737 662 3023
1502 999 2237
1502 999 2237
1504 2616 873 352 323 1500 3935 2640 661 339
1504 733 4821 2640 2223 739
1504 5090 1207
1504 733 4821 2640 2223 739
1504 5090 1207
1504 2616 873 352 323 1500 3935 2640 661 339
1504 2616 873 352 323 1500 3935 2640 661 339
1510 3994 3061 3994 3061 3994 3061
1510 3994 3061 3994 3061 3994 3061 3061 3994
1510 3061 3994
1510 3994 3061 3994 3061 3061 3994
1510 3994 3061 3994 3061 3061 3994
1510 3994 3061
1510 3994
1522 2779 2114 1290 4185 645 3454 2779 2779 2453 3993 645 2647 3101 2779 2409
1522 2779 2114 1290 4185 645 3454 2779 2779 2453 3993 645 2647 3101 2779 2409
1522 4228 2232 2453
1522 2779 2114 1290 4185 645 3454 2779 2779 2453 3993 645 2647 3101 2779 2409
1522 2779 2114 1290 4185 645 3454 2779 2779 2453 3993 645 2647 3101 2779 2409
1522 4228 2232 2453
1522 4228 2232 2453
1524 4715 221 1426 221
1524 1705 2470 632 3496 870 3024 369 2690 3761 2214
1524 2351 5159
1524 2827 1373 2519 2504
1524 2923 1705 352
1524 221 3426 1276 3389 3496 3080 352 1142 373 221 233
1524 4103 3648 233 1426 1946
1524 2827 91 3519 1052 221
1524 2409 3496 503 1339 1012 2351 2411 221 1946 3600 1946 1378 3496 1084
1528 645 645 5483 1242 5441
1528 2899 2663 2550 2267 2512 3108 733 2550 3108 2512 645 2550 2899 2512 4761 2442
1528 4385 5402
1528 564
1528 645 3561 1504 1959
1528 1579 1520
1528 645 23
1528 1012 2347
1528 2901 5020 69 1115 3225 1468 2550 645 2899 2558 69
1528 2550 3102 2550 2267 4525 2550
1529 5288 3892 875
1529 3892 5288 3892 3853
1529 692 5051 282 3788
1529 5051 5288 3892 5288 5051 1275
1529 4286 5051
1529 3224 2566
1529 3892 5261 5051
1529 2331 5051 3056 3788
1529 5103 3917
1529 5288
1530 5007 4745 5007 4745 4403
1530 1387 4745
1530 442
1530 1387 4745
1530 442
1530 5007 4745 5007 4745 4403
1530 1387 4745
1532 5147 4497 2739
1532 1353 2995 634 2995 352 4106
1532 1751 994
1532 525 3399
1532 3813 5411
1532 2556
1532 3813 5411
1542 5074
1542 4463 2644 1332 2180 2654 4519 734
1542 1509 3138
1542 5074
1542 5074
1542 1509 3138
1542 4463 2644 1332 2180 2654 4519 734
1545 186 5227 5227
1545 5487 1081
1545 4642 186 902
1545 5408
1545 2910 800 1403 503 3838
1545 5408
1545 4308 297
1549 3952 3952
1549 3952 3952
1549 3952 3952 4350
1549 3952 5133
1549 3952 3952 4350
1549 3952 282
1549 3952 3487 733
1550 3150 4131 3150 3023 4131 3618 3329 4206
1550 903 904 315
1550 903 904 315
1550 2641 2641 2550 2641 2641 2641
1550 3150 4131 3150 3023 4131 3618 3329 4206
1550 3023 3150 3618 3329 4206 3537 3401
1550 3023 3150 3618 3329 4206 3537 3401
1557 2188 2188 3903 1748
1557 2188 2709 2709 2188 2709
1557 2138 3612 1440
1557 2188 2709
1557 2628 1708
1557 4264 3271
1557 2709 3903 2188 2709 2188 3420
1557 733 2191
1557 1305 950 3556 733
1557 105 3556 6
1559 2925 2551 1904
1559 2925 2551 1904
1559 2925 2551 1904
1559 2925 2551 1904
1559 2925 2551 1904
1559 2925 2551 1904
1559 2925 2551 1904
1565 5236
1565 2772 4811
1565 2772 2772
1565 2772 847 2772
1565 2772 847 2772
1565 2772 2772
1565 2772 4811
1569 1472 99 3542 1183 4185
1569 1130 1095 2230 632
1569 32
1569 1472 99 3542 1183 4185
1569 1130 1095 2230 632
1569 32
1569 32
1574 1149 4666 4023 5105
1574 5180 2578 5180
1574 800 5105
1574 2346
1574 3463 3463 1276
1574 3534 866
1574 4023
1574 5180 1418
1574 4023 3463
1574 1691
1577 5206 567
1577 2552 5116 831 5221
1577 5206 567
1577 2552 5116 831 5221
1577 1288
1577 21 818
1577 21 818
1581 521 894 521
1581 521
1581 1151 982
1581 1518 2030 521 521
1581 5438 521 373 2225 521
1581 4085 3859 5017 982 521 2225 521
1581 521 982
1584 376 369
1584 376 369
1584 632 632
1584 632 632
1584 471 4738 1955 2353
1584 471 4738 1955 2353
1584 1955 516
1587 1921 1921
1587 1921 1921
1587 1921 1708
1587 1708 1921
1587 5338 1921 1921 2596
1587 1921
1587 1921 1578
1591 1992 353 4102
1591 3786 2263 3178
1591 4102 482
1591 1347 4795
1591 645 2906
1591 3786 4813
1591 3042 516
1591 1378 1111
1591 1111 4795
1591 1710 1348
